1
spine_002  -1.0000  -0.0000  -0.0000  -0.0000
            -0.0000   0.0960   0.9954  -0.6833
             0.0000   0.9954  -0.0960   7.4944
             0.0000   0.0000   0.0000   1.0000
spine_003  -1.0000  -0.0000  -0.0000  -0.0000
            -0.0000   0.0821   0.9966  -0.4348
             0.0000   0.9966  -0.0821  10.0700
             0.0000   0.0000   0.0000   1.0000
spine_004  -1.0000  -0.0000  -0.0000  -0.0000
            -0.0000   0.3175   0.9483  -0.3261
             0.0000   0.9483  -0.3175  11.3891
             0.0000   0.0000   0.0000   1.0000
spine_006  -1.0000  -0.0000  -0.0000  -0.0000
            -0.0000   0.1106   0.9939   0.0140
             0.0000   0.9939  -0.1106  12.2026
             0.0000   0.0000   0.0000   1.0000
upper_arm_L   0.9855   0.1621  0.0498  -1.3895
            -0.1693   0.9243  0.3419  -0.5031
             0.0094  -0.3454  0.9384  10.8024
             0.0000   0.0000  0.0000   1.0000
forearm_L   0.7359   0.6768  0.0209  -0.9743
            -0.6730   0.7277  0.1321   1.8647
             0.0742  -0.1112  0.9910   9.9176
             0.0000   0.0000  0.0000   1.0000
hand_L  -0.1958   0.7835  -0.5897  0.1218
             0.8770   0.4090   0.2522  3.0433
             0.4388  -0.4678  -0.7672  9.7374
             0.0000   0.0000   0.0000  1.0000
thumb_01_L   0.4902  0.6331   0.5991  0.2249
            -0.0601  0.7102  -0.7014  3.4588
            -0.8696  0.3078   0.3862  9.7025
             0.0000  0.0000   0.0000  1.0000
thumb_02_L  -0.0604   0.5064   0.8602  0.3647
             0.9962  -0.0231   0.0835  3.6156
             0.0622   0.8620  -0.5031  9.7705
             0.0000   0.0000   0.0000  1.0000
palm_03_L   0.4777  0.8135  -0.3317  0.5848
            -0.8454  0.5284   0.0783  3.3007
             0.2390  0.2430   0.9401  9.4999
             0.0000  0.0000   0.0000  1.0000
f_ring_01_L   0.4863  0.6169  -0.6188  0.8776
            -0.8619  0.4550  -0.2238  3.4856
             0.1435  0.6422   0.7530  9.5927
             0.0000  0.0000   0.0000  1.0000
upper_arm_R   0.6182   0.4542  0.6415   1.4343
            -0.7798   0.4569  0.4280  -0.4926
            -0.0987  -0.7648  0.6366  10.8063
             0.0000   0.0000  0.0000   1.0000
forearm_R   0.8172  -0.5005   0.2859  2.6299
             0.5276   0.8493  -0.0212  0.7101
            -0.2322   0.1681   0.9580  8.7930
             0.0000   0.0000   0.0000  1.0000
hand_R   0.3522  -0.4880  0.7987  1.9149
             0.2758   0.8696  0.4096  1.9232
            -0.8944   0.0760  0.4408  9.0331
             0.0000   0.0000  0.0000  1.0000
thumb_01_R  -0.9608  0.0921   0.2615  1.6566
             0.1421  0.9735   0.1790  2.1755
            -0.2381  0.2091  -0.9485  9.3857
             0.0000  0.0000   0.0000  1.0000
thumb_02_R  -0.3685  -0.8400  -0.3983  1.6786
            -0.8575   0.4726  -0.2034  2.4079
             0.3591   0.2665  -0.8944  9.4356
             0.0000   0.0000   0.0000  1.0000
palm_03_R  0.2220  -0.8806  -0.4187  1.5740
            0.1129   0.4497  -0.8860  2.5313
            0.9685   0.1495   0.1993  9.0890
            0.0000   0.0000   0.0000  1.0000
f_ring_01_R   0.0305  -0.1907   0.9812  1.2582
            -0.1987  -0.9632  -0.1811  2.6937
             0.9796  -0.1894  -0.0673  9.1365
             0.0000   0.0000   0.0000  1.0000
thigh_L  -0.9997  -0.0237   0.0010  -0.6506
            -0.0099   0.3793  -0.9252  -0.7398
             0.0215  -0.9250  -0.3794   7.3759
             0.0000   0.0000   0.0000   1.0000
shin_L  -0.9986   0.0526  -0.0023  -0.7539
            -0.0027  -0.0951  -0.9955   0.9139
            -0.0526  -0.9941   0.0952   3.3430
             0.0000   0.0000   0.0000   1.0000
foot_L  -0.9975  -0.0520   0.0477  -0.6152
            -0.0671   0.9086  -0.4122   0.6629
            -0.0219  -0.4144  -0.9098   0.7209
             0.0000   0.0000   0.0000   1.0000
toe_L   1.0000   0.0000  -0.0000  -0.6736
            -0.0000   1.0000   0.0098   1.6839
             0.0000  -0.0098   1.0000   0.2553
             0.0000   0.0000   0.0000   1.0000
heel_02_L  -0.0000  -1.0000  -0.0000  -0.4124
             1.0000   0.0000   0.0098   0.4561
            -0.0098  -0.0000   1.0000   0.3445
             0.0000   0.0000   0.0000   1.0000
thigh_R  -0.9992   0.0382   0.0137   0.6505
            -0.0168  -0.0808  -0.9966  -0.7398
            -0.0369  -0.9960   0.0813   7.3759
             0.0000   0.0000   0.0000   1.0000
shin_R  -0.9989  -0.0478   0.0023   0.8170
             0.0189  -0.4379  -0.8988  -1.0921
             0.0440  -0.8977   0.4383   3.0314
             0.0000   0.0000   0.0000   1.0000
foot_R  -0.9987  -0.0155  -0.0478   0.6909
             0.0052   0.9138  -0.4062  -2.2470
             0.0499  -0.4060  -0.9125   0.6639
             0.0000   0.0000   0.0000   1.0000
toe_R   1.0000  -0.0000  0.0000   0.6735
             0.0000   1.0000  0.0000  -1.2215
            -0.0000  -0.0000  1.0000   0.2083
             0.0000   0.0000  0.0000   1.0000
heel_02_R   0.0000   1.0000  0.0000   0.4123
            -1.0000   0.0000  0.0000  -2.4501
             0.0000  -0.0000  1.0000   0.2855
             0.0000   0.0000  0.0000   1.0000
Bone  -0.9669  -0.2482   0.0585  1.2532
            -0.2491   0.9685  -0.0078  1.2856
            -0.0547  -0.0221  -0.9983  9.3905
             0.0000   0.0000   0.0000  1.0000

