5
spine_002  -1.0000  -0.0000  -0.0000  -0.0000
            -0.0000   0.0960   0.9954  -0.6833
             0.0000   0.9954  -0.0960   7.4944
             0.0000   0.0000   0.0000   1.0000
spine_003  -1.0000  -0.0000  -0.0000  -0.0000
            -0.0000   0.0821   0.9966  -0.4348
             0.0000   0.9966  -0.0821  10.0700
             0.0000   0.0000   0.0000   1.0000
spine_004  -1.0000  -0.0000  -0.0000  -0.0000
            -0.0000   0.3175   0.9483  -0.3261
             0.0000   0.9483  -0.3175  11.3891
             0.0000   0.0000   0.0000   1.0000
spine_006  -1.0000  -0.0000  -0.0000  -0.0000
            -0.0000   0.1106   0.9939   0.0140
             0.0000   0.9939  -0.1106  12.2026
             0.0000   0.0000   0.0000   1.0000
upper_arm_L   0.9979   0.0635  0.0134  -1.3895
            -0.0642   0.9363  0.3453  -0.5031
             0.0094  -0.3454  0.9384  10.8024
             0.0000   0.0000  0.0000   1.0000
forearm_L   0.5378   0.8413  0.0542  -1.2268
            -0.8398   0.5290  0.1223   1.8953
             0.0742  -0.1112  0.9910   9.9176
             0.0000   0.0000  0.0000   1.0000
hand_L  0.0366   0.8624  -0.5049  0.1357
            0.8978   0.1935   0.3955  2.7520
            0.4388  -0.4678  -0.7672  9.7374
            0.0000   0.0000   0.0000  1.0000
thumb_01_L   0.4582  0.7946   0.3983  0.3423
            -0.1843  0.5233  -0.8320  3.1270
            -0.8696  0.3078   0.3862  9.7025
             0.0000  0.0000   0.0000  1.0000
thumb_02_L  0.1981   0.4834   0.8527  0.5178
            0.9782  -0.1527  -0.1408  3.2425
            0.0622   0.8620  -0.5031  9.7705
            0.0000   0.0000   0.0000  1.0000
palm_03_L   0.2439  0.9221  -0.3004  0.6494
            -0.9399  0.3011   0.1611  2.8815
             0.2390  0.2430   0.9401  9.4999
             0.0000  0.0000   0.0000  1.0000
f_ring_01_L   0.2480  0.7132  -0.6556  0.9799
            -0.9581  0.2808  -0.0569  2.9848
             0.1435  0.6422   0.7530  9.5927
             0.0000  0.0000   0.0000  1.0000
upper_arm_R   0.6182   0.4542  0.6415   1.4343
            -0.7858   0.3395  0.5169  -0.4926
             0.0170  -0.8237  0.5668  10.8063
             0.0000   0.0000  0.0000   1.0000
forearm_R   0.6648  -0.6661  0.3382  2.6299
             0.6918   0.7198  0.0576  0.4010
            -0.2818   0.1957  0.9393  8.6380
             0.0000   0.0000  0.0000  1.0000
hand_R   0.2299  -0.6637  0.7118  1.6784
             0.3330   0.7409  0.5832  1.4291
            -0.9145   0.1029  0.3914  8.9175
             0.0000   0.0000  0.0000  1.0000
thumb_01_R  -0.9804  -0.1145   0.1601  1.3912
            -0.0780   0.9729   0.2177  1.6233
            -0.1807   0.2010  -0.9628  9.2842
             0.0000   0.0000   0.0000  1.0000
thumb_02_R  -0.1475  -0.9072  -0.3940  1.3639
            -0.9121   0.2789  -0.3005  1.8555
             0.3825   0.3151  -0.8686  9.3322
             0.0000   0.0000   0.0000  1.0000
palm_03_R  0.2469  -0.9483  -0.1992  1.2148
            0.1743   0.2457  -0.9535  1.9473
            0.9532   0.2007   0.2260  8.9922
            0.0000   0.0000   0.0000  1.0000
f_ring_01_R   0.1303   0.0174   0.9913  0.8741
            -0.1717  -0.9843   0.0398  2.0364
             0.9765  -0.1754  -0.1253  9.0581
             0.0000   0.0000   0.0000  1.0000
thigh_L  -0.9997  -0.0237   0.0010  -0.6506
            -0.0099   0.3793  -0.9252  -0.7398
             0.0215  -0.9250  -0.3794   7.3759
             0.0000   0.0000   0.0000   1.0000
shin_L  -0.9986   0.0526  -0.0023  -0.7539
            -0.0027  -0.0951  -0.9955   0.9139
            -0.0526  -0.9941   0.0952   3.3430
             0.0000   0.0000   0.0000   1.0000
foot_L  -0.9975  -0.0520   0.0477  -0.6152
            -0.0671   0.9086  -0.4122   0.6629
            -0.0219  -0.4144  -0.9098   0.7209
             0.0000   0.0000   0.0000   1.0000
toe_L   1.0000   0.0000  -0.0000  -0.6736
            -0.0000   1.0000   0.0098   1.6839
             0.0000  -0.0098   1.0000   0.2553
             0.0000   0.0000   0.0000   1.0000
heel_02_L  -0.0000  -1.0000  -0.0000  -0.4124
             1.0000   0.0000   0.0098   0.4561
            -0.0098  -0.0000   1.0000   0.3445
             0.0000   0.0000   0.0000   1.0000
thigh_R  -0.9992   0.0382   0.0137   0.6505
            -0.0168  -0.0808  -0.9966  -0.7398
            -0.0369  -0.9960   0.0813   7.3759
             0.0000   0.0000   0.0000   1.0000
shin_R  -0.9989  -0.0478   0.0023   0.8170
             0.0189  -0.4379  -0.8988  -1.0921
             0.0440  -0.8977   0.4383   3.0314
             0.0000   0.0000   0.0000   1.0000
foot_R  -0.9987  -0.0155  -0.0478   0.6909
             0.0052   0.9138  -0.4062  -2.2470
             0.0499  -0.4060  -0.9125   0.6639
             0.0000   0.0000   0.0000   1.0000
toe_R   1.0000  -0.0000  0.0000   0.6735
             0.0000   1.0000  0.0000  -1.2215
            -0.0000  -0.0000  1.0000   0.2083
             0.0000   0.0000  0.0000   1.0000
heel_02_R   0.0000   1.0000  0.0000   0.4123
            -1.0000   0.0000  0.0000  -2.4501
             0.0000  -0.0000  1.0000   0.2855
             0.0000   0.0000  0.0000   1.0000
Bone  -0.9669  -0.2482   0.0585  1.2532
            -0.2491   0.9685  -0.0078  0.3266
            -0.0547  -0.0221  -0.9983  9.3905
             0.0000   0.0000   0.0000  1.0000
spine_002  -1.0000  -0.0000  -0.0000  -0.0000
            -0.0000   0.0542   0.9985  -0.6833
             0.0000   0.9985  -0.0542   7.4944
             0.0000   0.0000   0.0000   1.0000
spine_003  -1.0000  -0.0000  -0.0000  -0.0000
            -0.0000   0.0402   0.9992  -0.5431
             0.0000   0.9992  -0.0402  10.0782
             0.0000   0.0000   0.0000   1.0000
spine_004  -1.0000  -0.0000  -0.0000  -0.0000
            -0.0000   0.2774   0.9608  -0.4899
             0.0000   0.9608  -0.2774  11.4007
             0.0000   0.0000   0.0000   1.0000
spine_006  -1.0000  -0.0000  -0.0000  -0.0000
            -0.0000   0.0687   0.9976  -0.1842
             0.0000   0.9976  -0.0687  12.2277
             0.0000   0.0000   0.0000   1.0000
upper_arm_L   0.9979   0.0635  0.0134  -1.3895
            -0.0646   0.9500  0.3056  -0.6421
             0.0067  -0.3058  0.9521  10.8070
             0.0000   0.0000  0.0000   1.0000
forearm_L   0.5378   0.8413  0.0542  -1.2268
            -0.8422   0.5332  0.0806   1.7913
             0.0389  -0.0889  0.9953  10.0237
             0.0000   0.0000  0.0000   1.0000
hand_L  0.0366   0.8624  -0.5049  0.1357
            0.8786   0.2130   0.4274  2.6548
            0.4761  -0.4592  -0.7499  9.8797
            0.0000   0.0000   0.0000  1.0000
thumb_01_L   0.4582  0.7946   0.3983  0.3423
            -0.1476  0.5099  -0.8475  3.0309
            -0.8765  0.3295   0.3509  9.8605
             0.0000  0.0000   0.0000  1.0000
thumb_02_L  0.1981   0.4834   0.8527  0.5178
            0.9747  -0.1887  -0.1195  3.1435
            0.1032   0.8548  -0.5086  9.9333
            0.0000   0.0000   0.0000  1.0000
palm_03_L   0.2439  0.9221  -0.3004  0.6494
            -0.9491  0.2907   0.1215  2.7942
             0.1993  0.2554   0.9461  9.6478
             0.0000  0.0000   0.0000  1.0000
f_ring_01_L   0.2480  0.7132  -0.6556  0.9799
            -0.9633  0.2536  -0.0885  2.8935
             0.1032  0.6534   0.7499  9.7448
             0.0000  0.0000   0.0000  1.0000
upper_arm_R   0.6182   0.4542  0.6415   1.4343
            -0.7859   0.3737  0.4927  -0.6318
            -0.0160  -0.8087  0.5880  10.8114
             0.0000   0.0000  0.0000   1.0000
forearm_R   0.6648  -0.6661  0.3382  2.6299
             0.7030   0.7109  0.0181  0.3520
            -0.2525   0.2257  0.9409  8.6825
             0.0000   0.0000  0.0000  1.0000
hand_R   0.2299  -0.6637  0.7118  1.6784
             0.3711   0.7359  0.5663  1.3675
            -0.8997   0.1339  0.4155  9.0049
             0.0000   0.0000  0.0000  1.0000
thumb_01_R  -0.9804  -0.1145   0.1601  1.3912
            -0.0704   0.9636   0.2579  1.5461
            -0.1838   0.2416  -0.9528  9.3795
             0.0000   0.0000   0.0000  1.0000
thumb_02_R  -0.1475  -0.9072  -0.3940  1.3639
            -0.9274   0.2654  -0.2638  1.7762
             0.3438   0.3265  -0.8804  9.4372
             0.0000   0.0000   0.0000  1.0000
palm_03_R  0.2469  -0.9483  -0.1992  1.2148
            0.1342   0.2371  -0.9622  1.8821
            0.9597   0.2108   0.1858  9.1013
            0.0000   0.0000   0.0000  1.0000
f_ring_01_R   0.1303   0.0174   0.9913  0.8741
            -0.2126  -0.9761   0.0450  1.9684
             0.9684  -0.2166  -0.1235  9.1709
             0.0000   0.0000   0.0000  1.0000
thigh_L  -0.9997  -0.0237   0.0010  -0.6506
            -0.0099   0.3793  -0.9252  -0.7398
             0.0215  -0.9250  -0.3794   7.3759
             0.0000   0.0000   0.0000   1.0000
shin_L  -0.9986   0.0526  -0.0023  -0.7539
            -0.0027  -0.0951  -0.9955   0.9139
            -0.0526  -0.9941   0.0952   3.3430
             0.0000   0.0000   0.0000   1.0000
foot_L  -0.9975  -0.0520   0.0477  -0.6152
            -0.0671   0.9086  -0.4122   0.6629
            -0.0219  -0.4144  -0.9098   0.7209
             0.0000   0.0000   0.0000   1.0000
toe_L   1.0000   0.0000  -0.0000  -0.6736
            -0.0000   1.0000   0.0098   1.6839
             0.0000  -0.0098   1.0000   0.2553
             0.0000   0.0000   0.0000   1.0000
heel_02_L  -0.0000  -1.0000  -0.0000  -0.4124
             1.0000   0.0000   0.0098   0.4561
            -0.0098  -0.0000   1.0000   0.3445
             0.0000   0.0000   0.0000   1.0000
thigh_R  -0.9992   0.0382   0.0137   0.6505
            -0.0168  -0.0808  -0.9966  -0.7398
            -0.0369  -0.9960   0.0813   7.3759
             0.0000   0.0000   0.0000   1.0000
shin_R  -0.9989  -0.0478   0.0023   0.8170
             0.0189  -0.4379  -0.8988  -1.0921
             0.0440  -0.8977   0.4383   3.0314
             0.0000   0.0000   0.0000   1.0000
foot_R  -0.9987  -0.0155  -0.0478   0.6909
             0.0052   0.9138  -0.4062  -2.2470
             0.0499  -0.4060  -0.9125   0.6639
             0.0000   0.0000   0.0000   1.0000
toe_R   1.0000  -0.0000  0.0000   0.6735
             0.0000   1.0000  0.0000  -1.2215
            -0.0000  -0.0000  1.0000   0.2083
             0.0000   0.0000  0.0000   1.0000
heel_02_R   0.0000   1.0000  0.0000   0.4123
            -1.0000   0.0000  0.0000  -2.4501
             0.0000  -0.0000  1.0000   0.2855
             0.0000   0.0000  0.0000   1.0000
Bone  -0.9669  -0.2482   0.0585  1.2532
            -0.2465   0.9685   0.0341  0.2461
            -0.0651   0.0186  -0.9977  9.4312
             0.0000   0.0000   0.0000  1.0000
spine_002  -1.0000  -0.0000  -0.0000  -0.0000
            -0.0000   0.0542   0.9985  -0.6833
             0.0000   0.9985  -0.0542   7.4944
             0.0000   0.0000   0.0000   1.0000
spine_003  -1.0000  -0.0000  -0.0000  -0.0000
            -0.0000   0.0402   0.9992  -0.5431
             0.0000   0.9992  -0.0402  10.0782
             0.0000   0.0000   0.0000   1.0000
spine_004  -1.0000  -0.0000  -0.0000  -0.0000
            -0.0000   0.2774   0.9608  -0.4899
             0.0000   0.9608  -0.2774  11.4007
             0.0000   0.0000   0.0000   1.0000
spine_006  -1.0000  -0.0000  -0.0000  -0.0000
            -0.0000   0.0687   0.9976  -0.1842
             0.0000   0.9976  -0.0687  12.2277
             0.0000   0.0000   0.0000   1.0000
upper_arm_L   0.9979   0.0635  0.0134  -1.3895
            -0.0648   0.9676  0.2441  -0.6449
             0.0026  -0.2444  0.9697  10.8054
             0.0000   0.0000  0.0000   1.0000
forearm_L   0.5378   0.8413  0.0542  -1.2268
            -0.8429   0.5378  0.0168   1.8336
            -0.0150  -0.0547  0.9984  10.1793
             0.0000   0.0000  0.0000   1.0000
hand_L  0.0366   0.8624  -0.5049   0.1357
            0.8464   0.2419   0.4745   2.7045
            0.5313  -0.4447  -0.7211  10.0907
            0.0000   0.0000   0.0000   1.0000
thumb_01_L   0.4582  0.7946   0.3983   0.3423
            -0.0913  0.4878  -0.8682   3.0811
            -0.8842  0.3614   0.2960  10.0957
             0.0000  0.0000   0.0000   1.0000
thumb_02_L  0.1981   0.4834   0.8527   0.5178
            0.9661  -0.2430  -0.0868   3.1888
            0.1653   0.8410  -0.5152  10.1755
            0.0000   0.0000   0.0000   1.0000
palm_03_L   0.2439  0.9221  -0.3004  0.6494
            -0.9599  0.2737   0.0608  2.8585
             0.1383  0.2735   0.9519  9.8682
             0.0000  0.0000   0.0000  1.0000
f_ring_01_L   0.2480  0.7132  -0.6556  0.9799
            -0.9679  0.2113  -0.1362  2.9514
             0.0414  0.6683   0.7427  9.9714
             0.0000  0.0000   0.0000  1.0000
upper_arm_R   0.6182   0.4542  0.6415   1.4343
            -0.7832   0.4247  0.4541  -0.6346
            -0.0662  -0.7832  0.6182  10.8099
             0.0000   0.0000  0.0000   1.0000
forearm_R   0.6648  -0.6661   0.3382  2.6299
             0.7177   0.6950  -0.0420  0.4832
            -0.2071   0.2707   0.9401  8.7483
             0.0000   0.0000   0.0000  1.0000
hand_R   0.2299  -0.6637  0.7118  1.6784
             0.4278   0.7259  0.5386  1.4761
            -0.8741   0.1807  0.4509  9.1349
             0.0000   0.0000  0.0000  1.0000
thumb_01_R  -0.9804  -0.1145   0.1601  1.3912
            -0.0585   0.9462   0.3183  1.6304
            -0.1879   0.3027  -0.9344  9.5201
             0.0000   0.0000   0.0000  1.0000
thumb_02_R  -0.1475  -0.9072  -0.3940  1.3639
            -0.9474   0.2440  -0.2069  1.8562
             0.2839   0.3428  -0.8955  9.5924
             0.0000   0.0000   0.0000  1.0000
palm_03_R  0.2469  -0.9483  -0.1992  1.2148
            0.0726   0.2231  -0.9721  1.9835
            0.9663   0.2255   0.1239  9.2640
            0.0000   0.0000   0.0000  1.0000
f_ring_01_R   0.1303   0.0174   0.9913  0.8741
            -0.2740  -0.9603   0.0528  2.0651
             0.9529  -0.2785  -0.1204  9.3390
             0.0000   0.0000   0.0000  1.0000
thigh_L  -0.9997  -0.0237   0.0010  -0.6506
            -0.0099   0.3793  -0.9252  -0.7398
             0.0215  -0.9250  -0.3794   7.3759
             0.0000   0.0000   0.0000   1.0000
shin_L  -0.9986   0.0526  -0.0023  -0.7539
            -0.0027  -0.0951  -0.9955   0.9139
            -0.0526  -0.9941   0.0952   3.3430
             0.0000   0.0000   0.0000   1.0000
foot_L  -0.9975  -0.0520   0.0477  -0.6152
            -0.0671   0.9086  -0.4122   0.6629
            -0.0219  -0.4144  -0.9098   0.7209
             0.0000   0.0000   0.0000   1.0000
toe_L   1.0000   0.0000  -0.0000  -0.6736
            -0.0000   1.0000   0.0098   1.6839
             0.0000  -0.0098   1.0000   0.2553
             0.0000   0.0000   0.0000   1.0000
heel_02_L  -0.0000  -1.0000  -0.0000  -0.4124
             1.0000   0.0000   0.0098   0.4561
            -0.0098  -0.0000   1.0000   0.3445
             0.0000   0.0000   0.0000   1.0000
thigh_R  -0.9992   0.0382   0.0137   0.6505
            -0.0168  -0.0808  -0.9966  -0.7398
            -0.0369  -0.9960   0.0813   7.3759
             0.0000   0.0000   0.0000   1.0000
shin_R  -0.9989  -0.0478   0.0023   0.8170
             0.0189  -0.4379  -0.8988  -1.0921
             0.0440  -0.8977   0.4383   3.0314
             0.0000   0.0000   0.0000   1.0000
foot_R  -0.9987  -0.0155  -0.0478   0.6909
             0.0052   0.9138  -0.4062  -2.2470
             0.0499  -0.4060  -0.9125   0.6639
             0.0000   0.0000   0.0000   1.0000
toe_R   1.0000  -0.0000  0.0000   0.6735
             0.0000   1.0000  0.0000  -1.2215
            -0.0000  -0.0000  1.0000   0.2083
             0.0000   0.0000  0.0000   1.0000
heel_02_R   0.0000   1.0000  0.0000   0.4123
            -1.0000   0.0000  0.0000  -2.4501
             0.0000  -0.0000  1.0000   0.2855
             0.0000   0.0000  0.0000   1.0000
Bone  -0.9669  -0.2482   0.0585  1.2532
            -0.2419   0.9654   0.0978  0.2517
            -0.0807   0.0805  -0.9935  9.4343
             0.0000   0.0000   0.0000  1.0000
spine_002  -1.0000  -0.0000  -0.0000  -0.0000
            -0.0000   0.0542   0.9985  -0.6833
             0.0000   0.9985  -0.0542   7.4944
             0.0000   0.0000   0.0000   1.0000
spine_003  -1.0000  -0.0000  -0.0000  -0.0000
            -0.0000   0.0402   0.9992  -0.5431
             0.0000   0.9992  -0.0402  10.0782
             0.0000   0.0000   0.0000   1.0000
spine_004  -1.0000  -0.0000  -0.0000  -0.0000
            -0.0000   0.2774   0.9608  -0.4899
             0.0000   0.9608  -0.2774  11.4007
             0.0000   0.0000   0.0000   1.0000
spine_006  -1.0000  -0.0000  -0.0000  -0.0000
            -0.0000   0.0687   0.9976  -0.1842
             0.0000   0.9976  -0.0687  12.2277
             0.0000   0.0000   0.0000   1.0000
upper_arm_L   0.9979   0.0635  0.0134  -1.3895
            -0.0646   0.9500  0.3056  -0.6421
             0.0067  -0.3058  0.9521  10.8070
             0.0000   0.0000  0.0000   1.0000
forearm_L   0.5378   0.8413  0.0542  -1.2268
            -0.8422   0.5332  0.0806   1.7913
             0.0389  -0.0889  0.9953  10.0237
             0.0000   0.0000  0.0000   1.0000
hand_L  0.0366   0.8624  -0.5049  0.1357
            0.8786   0.2130   0.4274  2.6548
            0.4761  -0.4592  -0.7499  9.8797
            0.0000   0.0000   0.0000  1.0000
thumb_01_L   0.4582  0.7946   0.3983  0.3423
            -0.1476  0.5099  -0.8475  3.0309
            -0.8765  0.3295   0.3509  9.8605
             0.0000  0.0000   0.0000  1.0000
thumb_02_L  0.1981   0.4834   0.8527  0.5178
            0.9747  -0.1887  -0.1195  3.1435
            0.1032   0.8548  -0.5086  9.9333
            0.0000   0.0000   0.0000  1.0000
palm_03_L   0.2439  0.9221  -0.3004  0.6494
            -0.9491  0.2907   0.1215  2.7942
             0.1993  0.2554   0.9461  9.6478
             0.0000  0.0000   0.0000  1.0000
f_ring_01_L   0.2480  0.7132  -0.6556  0.9799
            -0.9633  0.2536  -0.0885  2.8935
             0.1032  0.6534   0.7499  9.7448
             0.0000  0.0000   0.0000  1.0000
upper_arm_R   0.6182   0.4542  0.6415   1.4343
            -0.7859   0.3737  0.4927  -0.6318
            -0.0160  -0.8087  0.5880  10.8114
             0.0000   0.0000  0.0000   1.0000
forearm_R   0.6648  -0.6661  0.3382  2.6299
             0.7030   0.7109  0.0181  0.3520
            -0.2525   0.2257  0.9409  8.6825
             0.0000   0.0000  0.0000  1.0000
hand_R   0.2299  -0.6637  0.7118  1.6784
             0.3711   0.7359  0.5663  1.3675
            -0.8997   0.1339  0.4155  9.0049
             0.0000   0.0000  0.0000  1.0000
thumb_01_R  -0.9804  -0.1145   0.1601  1.3912
            -0.0704   0.9636   0.2579  1.5461
            -0.1838   0.2416  -0.9528  9.3795
             0.0000   0.0000   0.0000  1.0000
thumb_02_R  -0.1475  -0.9072  -0.3940  1.3639
            -0.9274   0.2654  -0.2638  1.7762
             0.3438   0.3265  -0.8804  9.4372
             0.0000   0.0000   0.0000  1.0000
palm_03_R  0.2469  -0.9483  -0.1992  1.2148
            0.1342   0.2371  -0.9622  1.8821
            0.9597   0.2108   0.1858  9.1013
            0.0000   0.0000   0.0000  1.0000
f_ring_01_R   0.1303   0.0174   0.9913  0.8741
            -0.2126  -0.9761   0.0450  1.9684
             0.9684  -0.2166  -0.1235  9.1709
             0.0000   0.0000   0.0000  1.0000
thigh_L  -0.9997  -0.0237   0.0010  -0.6506
            -0.0099   0.3793  -0.9252  -0.7398
             0.0215  -0.9250  -0.3794   7.3759
             0.0000   0.0000   0.0000   1.0000
shin_L  -0.9986   0.0526  -0.0023  -0.7539
            -0.0027  -0.0951  -0.9955   0.9139
            -0.0526  -0.9941   0.0952   3.3430
             0.0000   0.0000   0.0000   1.0000
foot_L  -0.9975  -0.0520   0.0477  -0.6152
            -0.0671   0.9086  -0.4122   0.6629
            -0.0219  -0.4144  -0.9098   0.7209
             0.0000   0.0000   0.0000   1.0000
toe_L   1.0000   0.0000  -0.0000  -0.6736
            -0.0000   1.0000   0.0098   1.6839
             0.0000  -0.0098   1.0000   0.2553
             0.0000   0.0000   0.0000   1.0000
heel_02_L  -0.0000  -1.0000  -0.0000  -0.4124
             1.0000   0.0000   0.0098   0.4561
            -0.0098  -0.0000   1.0000   0.3445
             0.0000   0.0000   0.0000   1.0000
thigh_R  -0.9992   0.0382   0.0137   0.6505
            -0.0168  -0.0808  -0.9966  -0.7398
            -0.0369  -0.9960   0.0813   7.3759
             0.0000   0.0000   0.0000   1.0000
shin_R  -0.9989  -0.0478   0.0023   0.8170
             0.0189  -0.4379  -0.8988  -1.0921
             0.0440  -0.8977   0.4383   3.0314
             0.0000   0.0000   0.0000   1.0000
foot_R  -0.9987  -0.0155  -0.0478   0.6909
             0.0052   0.9138  -0.4062  -2.2470
             0.0499  -0.4060  -0.9125   0.6639
             0.0000   0.0000   0.0000   1.0000
toe_R   1.0000  -0.0000  0.0000   0.6735
             0.0000   1.0000  0.0000  -1.2215
            -0.0000  -0.0000  1.0000   0.2083
             0.0000   0.0000  0.0000   1.0000
heel_02_R   0.0000   1.0000  0.0000   0.4123
            -1.0000   0.0000  0.0000  -2.4501
             0.0000  -0.0000  1.0000   0.2855
             0.0000   0.0000  0.0000   1.0000
Bone  -0.9669  -0.2482   0.0585  1.2532
            -0.2465   0.9685   0.0341  0.2461
            -0.0651   0.0186  -0.9977  9.4312
             0.0000   0.0000   0.0000  1.0000
spine_002  -1.0000  -0.0000  -0.0000  -0.0000
            -0.0000   0.0960   0.9954  -0.6833
             0.0000   0.9954  -0.0960   7.4944
             0.0000   0.0000   0.0000   1.0000
spine_003  -1.0000  -0.0000  -0.0000  -0.0000
            -0.0000   0.0821   0.9966  -0.4348
             0.0000   0.9966  -0.0821  10.0700
             0.0000   0.0000   0.0000   1.0000
spine_004  -1.0000  -0.0000  -0.0000  -0.0000
            -0.0000   0.3175   0.9483  -0.3261
             0.0000   0.9483  -0.3175  11.3891
             0.0000   0.0000   0.0000   1.0000
spine_006  -1.0000  -0.0000  -0.0000  -0.0000
            -0.0000   0.1106   0.9939   0.0140
             0.0000   0.9939  -0.1106  12.2026
             0.0000   0.0000   0.0000   1.0000
upper_arm_L   0.9979   0.0635  0.0134  -1.3895
            -0.0642   0.9363  0.3453  -0.5031
             0.0094  -0.3454  0.9384  10.8024
             0.0000   0.0000  0.0000   1.0000
forearm_L   0.5378   0.8413  0.0542  -1.2268
            -0.8398   0.5290  0.1223   1.8953
             0.0742  -0.1112  0.9910   9.9176
             0.0000   0.0000  0.0000   1.0000
hand_L  0.0366   0.8624  -0.5049  0.1357
            0.8978   0.1935   0.3955  2.7520
            0.4388  -0.4678  -0.7672  9.7374
            0.0000   0.0000   0.0000  1.0000
thumb_01_L   0.4582  0.7946   0.3983  0.3423
            -0.1843  0.5233  -0.8320  3.1270
            -0.8696  0.3078   0.3862  9.7025
             0.0000  0.0000   0.0000  1.0000
thumb_02_L  0.1981   0.4834   0.8527  0.5178
            0.9782  -0.1527  -0.1408  3.2425
            0.0622   0.8620  -0.5031  9.7705
            0.0000   0.0000   0.0000  1.0000
palm_03_L   0.2439  0.9221  -0.3004  0.6494
            -0.9399  0.3011   0.1611  2.8815
             0.2390  0.2430   0.9401  9.4999
             0.0000  0.0000   0.0000  1.0000
f_ring_01_L   0.2480  0.7132  -0.6556  0.9799
            -0.9581  0.2808  -0.0569  2.9848
             0.1435  0.6422   0.7530  9.5927
             0.0000  0.0000   0.0000  1.0000
upper_arm_R   0.6182   0.4542  0.6415   1.4343
            -0.7858   0.3395  0.5169  -0.4926
             0.0170  -0.8237  0.5668  10.8063
             0.0000   0.0000  0.0000   1.0000
forearm_R   0.6648  -0.6661  0.3382  2.6299
             0.6918   0.7198  0.0576  0.4010
            -0.2818   0.1957  0.9393  8.6380
             0.0000   0.0000  0.0000  1.0000
hand_R   0.2299  -0.6637  0.7118  1.6784
             0.3330   0.7409  0.5832  1.4291
            -0.9145   0.1029  0.3914  8.9175
             0.0000   0.0000  0.0000  1.0000
thumb_01_R  -0.9804  -0.1145   0.1601  1.3912
            -0.0780   0.9729   0.2177  1.6233
            -0.1807   0.2010  -0.9628  9.2842
             0.0000   0.0000   0.0000  1.0000
thumb_02_R  -0.1475  -0.9072  -0.3940  1.3639
            -0.9121   0.2789  -0.3005  1.8555
             0.3825   0.3151  -0.8686  9.3322
             0.0000   0.0000   0.0000  1.0000
palm_03_R  0.2469  -0.9483  -0.1992  1.2148
            0.1743   0.2457  -0.9535  1.9473
            0.9532   0.2007   0.2260  8.9922
            0.0000   0.0000   0.0000  1.0000
f_ring_01_R   0.1303   0.0174   0.9913  0.8741
            -0.1717  -0.9843   0.0398  2.0364
             0.9765  -0.1754  -0.1253  9.0581
             0.0000   0.0000   0.0000  1.0000
thigh_L  -0.9997  -0.0237   0.0010  -0.6506
            -0.0099   0.3793  -0.9252  -0.7398
             0.0215  -0.9250  -0.3794   7.3759
             0.0000   0.0000   0.0000   1.0000
shin_L  -0.9986   0.0526  -0.0023  -0.7539
            -0.0027  -0.0951  -0.9955   0.9139
            -0.0526  -0.9941   0.0952   3.3430
             0.0000   0.0000   0.0000   1.0000
foot_L  -0.9975  -0.0520   0.0477  -0.6152
            -0.0671   0.9086  -0.4122   0.6629
            -0.0219  -0.4144  -0.9098   0.7209
             0.0000   0.0000   0.0000   1.0000
toe_L   1.0000   0.0000  -0.0000  -0.6736
            -0.0000   1.0000   0.0098   1.6839
             0.0000  -0.0098   1.0000   0.2553
             0.0000   0.0000   0.0000   1.0000
heel_02_L  -0.0000  -1.0000  -0.0000  -0.4124
             1.0000   0.0000   0.0098   0.4561
            -0.0098  -0.0000   1.0000   0.3445
             0.0000   0.0000   0.0000   1.0000
thigh_R  -0.9992   0.0382   0.0137   0.6505
            -0.0168  -0.0808  -0.9966  -0.7398
            -0.0369  -0.9960   0.0813   7.3759
             0.0000   0.0000   0.0000   1.0000
shin_R  -0.9989  -0.0478   0.0023   0.8170
             0.0189  -0.4379  -0.8988  -1.0921
             0.0440  -0.8977   0.4383   3.0314
             0.0000   0.0000   0.0000   1.0000
foot_R  -0.9987  -0.0155  -0.0478   0.6909
             0.0052   0.9138  -0.4062  -2.2470
             0.0499  -0.4060  -0.9125   0.6639
             0.0000   0.0000   0.0000   1.0000
toe_R   1.0000  -0.0000  0.0000   0.6735
             0.0000   1.0000  0.0000  -1.2215
            -0.0000  -0.0000  1.0000   0.2083
             0.0000   0.0000  0.0000   1.0000
heel_02_R   0.0000   1.0000  0.0000   0.4123
            -1.0000   0.0000  0.0000  -2.4501
             0.0000  -0.0000  1.0000   0.2855
             0.0000   0.0000  0.0000   1.0000
Bone  -0.9669  -0.2482   0.0585  1.2532
            -0.2491   0.9685  -0.0078  0.3266
            -0.0547  -0.0221  -0.9983  9.3905
             0.0000   0.0000   0.0000  1.0000

