10
spine_002  -1.0000  -0.0000  -0.0000  -0.0000
            -0.0000   0.0960   0.9954  -0.6833
             0.0000   0.9954  -0.0960   7.4944
             0.0000   0.0000   0.0000   1.0000
spine_003  -1.0000  -0.0000  -0.0000  -0.0000
            -0.0000   0.0821   0.9966  -0.4348
             0.0000   0.9966  -0.0821  10.0700
             0.0000   0.0000   0.0000   1.0000
spine_004  -1.0000  -0.0000  -0.0000  -0.0000
            -0.0000   0.3175   0.9483  -0.3261
             0.0000   0.9483  -0.3175  11.3891
             0.0000   0.0000   0.0000   1.0000
spine_006  -1.0000  -0.0000  -0.0000  -0.0000
            -0.0000   0.1106   0.9939   0.0140
             0.0000   0.9939  -0.1106  12.2026
             0.0000   0.0000   0.0000   1.0000
upper_arm_L   0.9979   0.0635  0.0134  -1.3895
            -0.0642   0.9363  0.3453  -0.5031
             0.0094  -0.3454  0.9384  10.8024
             0.0000   0.0000  0.0000   1.0000
forearm_L   0.5378   0.8413  0.0542  -1.2268
            -0.8398   0.5290  0.1223   1.8953
             0.0742  -0.1112  0.9910   9.9176
             0.0000   0.0000  0.0000   1.0000
hand_L  0.0366   0.8624  -0.5049  0.1357
            0.8978   0.1935   0.3955  2.7520
            0.4388  -0.4678  -0.7672  9.7374
            0.0000   0.0000   0.0000  1.0000
thumb_01_L   0.4582  0.7946   0.3983  0.3423
            -0.1843  0.5233  -0.8320  3.1270
            -0.8696  0.3078   0.3862  9.7025
             0.0000  0.0000   0.0000  1.0000
thumb_02_L  0.1981   0.4834   0.8527  0.5178
            0.9782  -0.1527  -0.1408  3.2425
            0.0622   0.8620  -0.5031  9.7705
            0.0000   0.0000   0.0000  1.0000
palm_03_L   0.2439  0.9221  -0.3004  0.6494
            -0.9399  0.3011   0.1611  2.8815
             0.2390  0.2430   0.9401  9.4999
             0.0000  0.0000   0.0000  1.0000
f_ring_01_L   0.2480  0.7132  -0.6556  0.9799
            -0.9581  0.2808  -0.0569  2.9848
             0.1435  0.6422   0.7530  9.5927
             0.0000  0.0000   0.0000  1.0000
upper_arm_R   0.6182   0.4542  0.6415   1.4343
            -0.7858   0.3395  0.5169  -0.4926
             0.0170  -0.8237  0.5668  10.8063
             0.0000   0.0000  0.0000   1.0000
forearm_R   0.6648  -0.6661  0.3382  2.6299
             0.6918   0.7198  0.0576  0.4010
            -0.2818   0.1957  0.9393  8.6380
             0.0000   0.0000  0.0000  1.0000
hand_R   0.2299  -0.6637  0.7118  1.6784
             0.3330   0.7409  0.5832  1.4291
            -0.9145   0.1029  0.3914  8.9175
             0.0000   0.0000  0.0000  1.0000
thumb_01_R  -0.9804  -0.1145   0.1601  1.3912
            -0.0780   0.9729   0.2177  1.6233
            -0.1807   0.2010  -0.9628  9.2842
             0.0000   0.0000   0.0000  1.0000
thumb_02_R  -0.1475  -0.9072  -0.3940  1.3639
            -0.9121   0.2789  -0.3005  1.8555
             0.3825   0.3151  -0.8686  9.3322
             0.0000   0.0000   0.0000  1.0000
palm_03_R  0.2469  -0.9483  -0.1992  1.2148
            0.1743   0.2457  -0.9535  1.9473
            0.9532   0.2007   0.2260  8.9922
            0.0000   0.0000   0.0000  1.0000
f_ring_01_R   0.1303   0.0174   0.9913  0.8741
            -0.1717  -0.9843   0.0398  2.0364
             0.9765  -0.1754  -0.1253  9.0581
             0.0000   0.0000   0.0000  1.0000
thigh_L  -0.9997  -0.0237   0.0010  -0.6506
            -0.0099   0.3793  -0.9252  -0.7398
             0.0215  -0.9250  -0.3794   7.3759
             0.0000   0.0000   0.0000   1.0000
shin_L  -0.9986   0.0526  -0.0023  -0.7539
            -0.0027  -0.0951  -0.9955   0.9139
            -0.0526  -0.9941   0.0952   3.3430
             0.0000   0.0000   0.0000   1.0000
foot_L  -0.9975  -0.0520   0.0477  -0.6152
            -0.0671   0.9086  -0.4122   0.6629
            -0.0219  -0.4144  -0.9098   0.7209
             0.0000   0.0000   0.0000   1.0000
toe_L   1.0000   0.0000  -0.0000  -0.6736
            -0.0000   1.0000   0.0098   1.6839
             0.0000  -0.0098   1.0000   0.2553
             0.0000   0.0000   0.0000   1.0000
heel_02_L  -0.0000  -1.0000  -0.0000  -0.4124
             1.0000   0.0000   0.0098   0.4561
            -0.0098  -0.0000   1.0000   0.3445
             0.0000   0.0000   0.0000   1.0000
thigh_R  -0.9992   0.0382   0.0137   0.6505
            -0.0168  -0.0808  -0.9966  -0.7398
            -0.0369  -0.9960   0.0813   7.3759
             0.0000   0.0000   0.0000   1.0000
shin_R  -0.9989  -0.0478   0.0023   0.8170
             0.0189  -0.4379  -0.8988  -1.0921
             0.0440  -0.8977   0.4383   3.0314
             0.0000   0.0000   0.0000   1.0000
foot_R  -0.9987  -0.0155  -0.0478   0.6909
             0.0052   0.9138  -0.4062  -2.2470
             0.0499  -0.4060  -0.9125   0.6639
             0.0000   0.0000   0.0000   1.0000
toe_R   1.0000  -0.0000  0.0000   0.6735
             0.0000   1.0000  0.0000  -1.2215
            -0.0000  -0.0000  1.0000   0.2083
             0.0000   0.0000  0.0000   1.0000
heel_02_R   0.0000   1.0000  0.0000   0.4123
            -1.0000   0.0000  0.0000  -2.4501
             0.0000  -0.0000  1.0000   0.2855
             0.0000   0.0000  0.0000   1.0000
Bone  -0.9669  -0.2482   0.0585  1.2532
            -0.2491   0.9685  -0.0078  0.3266
            -0.0547  -0.0221  -0.9983  9.3905
             0.0000   0.0000   0.0000  1.0000
spine_002  -1.0000  -0.0000  -0.0000  -0.0000
            -0.0000   0.2792   0.9602  -0.6809
            -0.0000   0.9602  -0.2792   7.4221
             0.0000   0.0000   0.0000   1.0000
spine_003  -1.0000  -0.0000  -0.0000  -0.0000
            -0.0000   0.2658   0.9640   0.0416
            -0.0000   0.9640  -0.2658   9.9067
             0.0000   0.0000   0.0000   1.0000
spine_004  -1.0000  -0.0000  -0.0000  -0.0000
            -0.0000   0.4881   0.8728   0.3934
             0.0000   0.8728  -0.4881  11.1827
             0.0000   0.0000   0.0000   1.0000
spine_006  -1.0000  -0.0000  -0.0000  -0.0000
            -0.0000   0.2932   0.9560   0.8786
            -0.0000   0.9560  -0.2932  11.9188
             0.0000   0.0000   0.0000   1.0000
upper_arm_L   0.9979   0.0635  0.0134  -1.3895
            -0.0601   0.8271  0.5588   0.1131
             0.0244  -0.5584  0.8292  10.6396
             0.0000   0.0000  0.0000   1.0000
forearm_L   0.5378   0.8413  0.0542  -1.2268
            -0.7980   0.4873  0.3547   2.2318
             0.2720  -0.2340  0.9334   9.2093
             0.0000   0.0000  0.0000   1.0000
hand_L  0.0366   0.8624  -0.5049  0.1357
            0.9765   0.0766   0.2015  3.0210
            0.2124  -0.5004  -0.8393  8.8303
            0.0000   0.0000   0.0000  1.0000
thumb_01_L   0.4582  0.7946   0.3983  0.3423
            -0.3860  0.5815  -0.7161  3.3769
            -0.8007  0.1744   0.5732  8.7071
             0.0000  0.0000   0.0000  1.0000
thumb_02_L   0.1981  0.4834   0.8527  0.5178
             0.9649  0.0569  -0.2565  3.5053
            -0.1725  0.8736  -0.4551  8.7456
             0.0000  0.0000   0.0000  1.0000
palm_03_L   0.2439  0.9221  -0.3004  0.6494
            -0.8559  0.3503   0.3803  3.0902
             0.4559  0.1643   0.8747  8.5688
             0.0000  0.0000   0.0000  1.0000
f_ring_01_L   0.2480  0.7132  -0.6556  0.9799
            -0.8964  0.4256   0.1240  3.2126
             0.3675  0.5569   0.7449  8.6343
             0.0000  0.0000   0.0000  1.0000
upper_arm_R   0.6182   0.4542  0.6415   1.4343
            -0.7592   0.1336  0.6370   0.1241
             0.2036  -0.8808  0.4274  10.6415
             0.0000   0.0000  0.0000   1.0000
forearm_R   0.6648  -0.6661  0.3382  2.6299
             0.6048   0.7457  0.2796  0.4757
            -0.4384   0.0187  0.8986  8.3228
             0.0000   0.0000  0.0000  1.0000
hand_R   0.2299  -0.6637  0.7118  1.6784
             0.1057   0.7441  0.6596  1.5409
            -0.9674  -0.0764  0.2413  8.3495
             0.0000   0.0000  0.0000  1.0000
thumb_01_R  -0.9804  -0.1145   0.1601  1.3912
            -0.1188   0.9928  -0.0178  1.8168
            -0.1569  -0.0365  -0.9869  8.6594
             0.0000   0.0000   0.0000  1.0000
thumb_02_R  -0.1475  -0.9072  -0.3940  1.3639
            -0.7948   0.3459  -0.4986  2.0538
             0.5886   0.2396  -0.7721  8.6507
             0.0000   0.0000   0.0000  1.0000
palm_03_R  0.2469  -0.9483  -0.1992  1.2148
            0.3963   0.2864  -0.8723  2.0620
            0.8843   0.1364   0.4465  8.2986
            0.0000   0.0000   0.0000  1.0000
f_ring_01_R  0.1303   0.0174   0.9913  0.8741
            0.0657  -0.9978   0.0088  2.1642
            0.9893   0.0640  -0.1312  8.3414
            0.0000   0.0000   0.0000  1.0000
thigh_L  -0.9994  -0.0339   0.0065  -0.6496
            -0.0240   0.5501  -0.8347  -0.7410
             0.0247  -0.8344  -0.5506   7.3057
             0.0000   0.0000   0.0000   1.0000
shin_L  -0.9990   0.0452   0.0051  -0.7972
             0.0025   0.1667  -0.9860   1.6576
            -0.0454  -0.9850  -0.1667   3.6678
             0.0000   0.0000   0.0000   1.0000
foot_L  -0.9972  -0.0616   0.0435  -0.6780
            -0.0691   0.9776  -0.1989   2.0974
            -0.0303  -0.2013  -0.9791   1.0697
             0.0000   0.0000   0.0000   1.0000
toe_L   0.9999  -0.0071   0.0077  -0.7472
             0.0086   0.9770  -0.2130   3.1958
            -0.0060   0.2131   0.9770   0.8435
             0.0000   0.0000   0.0000   1.0000
heel_02_L  -0.0071  -0.9999   0.0077  -0.4767
             0.9770  -0.0086  -0.2130   1.9813
             0.2131   0.0060   0.9770   0.6555
             0.0000   0.0000   0.0000   1.0000
thigh_R  -0.9991   0.0425   0.0075   0.6514
            -0.0217  -0.3451  -0.9383  -0.7410
            -0.0373  -0.9376   0.3457   7.3057
             0.0000   0.0000   0.0000   1.0000
shin_R  -0.9985  -0.0532  -0.0085   0.8368
             0.0539  -0.9851  -0.1634  -2.2464
             0.0003  -0.1636   0.9865   3.2160
             0.0000   0.0000   0.0000   1.0000
foot_R  -0.9984  -0.0074  -0.0567   0.6965
             0.0570  -0.2051  -0.9771  -4.8442
            -0.0044  -0.9787   0.2052   2.7846
             0.0000   0.0000   0.0000   1.0000
toe_R   0.9999   0.0111  0.0049   0.6882
            -0.0071   0.2097  0.9777  -5.0744
             0.0098  -0.9777  0.2098   1.6862
             0.0000   0.0000  0.0000   1.0000
heel_02_R  -0.0111   0.9999  0.0049   0.4138
            -0.2097  -0.0071  0.9777  -5.2548
             0.9777   0.0098  0.2098   2.9011
             0.0000   0.0000  0.0000   1.0000
Bone  -0.9669  -0.2482   0.0585  1.2532
            -0.2549   0.9354  -0.2452  0.6583
             0.0062  -0.2520  -0.9677  9.0965
             0.0000   0.0000   0.0000  1.0000
spine_002  -1.0000  -0.0000  -0.0000  -0.0000
            -0.0000   0.2792   0.9602  -0.6809
            -0.0000   0.9602  -0.2792   7.3523
             0.0000   0.0000   0.0000   1.0000
spine_003  -1.0000  -0.0000  -0.0000  -0.0000
            -0.0000   0.2658   0.9640   0.0416
            -0.0000   0.9640  -0.2658   9.8370
             0.0000   0.0000   0.0000   1.0000
spine_004  -1.0000  -0.0000  -0.0000  -0.0000
            -0.0000   0.4881   0.8728   0.3934
             0.0000   0.8728  -0.4881  11.1129
             0.0000   0.0000   0.0000   1.0000
spine_006  -1.0000  -0.0000  -0.0000  -0.0000
            -0.0000   0.2932   0.9560   0.8786
            -0.0000   0.9560  -0.2932  11.8491
             0.0000   0.0000   0.0000   1.0000
upper_arm_L   0.9979   0.0635  0.0134  -1.3895
            -0.0601   0.8271  0.5588   0.1131
             0.0244  -0.5584  0.8292  10.5699
             0.0000   0.0000  0.0000   1.0000
forearm_L   0.5378   0.8413  0.0542  -1.2268
            -0.7980   0.4873  0.3547   2.2318
             0.2720  -0.2340  0.9334   9.1395
             0.0000   0.0000  0.0000   1.0000
hand_L  0.0366   0.8624  -0.5049  0.1357
            0.9765   0.0766   0.2015  3.0210
            0.2124  -0.5004  -0.8393  8.7606
            0.0000   0.0000   0.0000  1.0000
thumb_01_L   0.4582  0.7946   0.3983  0.3423
            -0.3860  0.5815  -0.7161  3.3769
            -0.8007  0.1744   0.5732  8.6374
             0.0000  0.0000   0.0000  1.0000
thumb_02_L   0.1981  0.4834   0.8527  0.5178
             0.9649  0.0569  -0.2565  3.5053
            -0.1725  0.8736  -0.4551  8.6759
             0.0000  0.0000   0.0000  1.0000
palm_03_L   0.2439  0.9221  -0.3004  0.6494
            -0.8559  0.3503   0.3803  3.0902
             0.4559  0.1643   0.8747  8.4990
             0.0000  0.0000   0.0000  1.0000
f_ring_01_L   0.2480  0.7132  -0.6556  0.9799
            -0.8964  0.4256   0.1240  3.2126
             0.3675  0.5569   0.7449  8.5645
             0.0000  0.0000   0.0000  1.0000
upper_arm_R   0.6182   0.4542  0.6415   1.4343
            -0.7592   0.1336  0.6370   0.1241
             0.2036  -0.8808  0.4274  10.5718
             0.0000   0.0000  0.0000   1.0000
forearm_R   0.6648  -0.6661  0.3382  2.6299
             0.6048   0.7457  0.2796  0.4757
            -0.4384   0.0187  0.8986  8.2530
             0.0000   0.0000  0.0000  1.0000
hand_R   0.2299  -0.6637  0.7118  1.6784
             0.1057   0.7441  0.6596  1.5409
            -0.9674  -0.0764  0.2413  8.2797
             0.0000   0.0000  0.0000  1.0000
thumb_01_R  -0.9804  -0.1145   0.1601  1.3912
            -0.1188   0.9928  -0.0178  1.8168
            -0.1569  -0.0365  -0.9869  8.5896
             0.0000   0.0000   0.0000  1.0000
thumb_02_R  -0.1475  -0.9072  -0.3940  1.3639
            -0.7948   0.3459  -0.4986  2.0538
             0.5886   0.2396  -0.7721  8.5809
             0.0000   0.0000   0.0000  1.0000
palm_03_R  0.2469  -0.9483  -0.1992  1.2148
            0.3963   0.2864  -0.8723  2.0620
            0.8843   0.1364   0.4465  8.2289
            0.0000   0.0000   0.0000  1.0000
f_ring_01_R  0.1303   0.0174   0.9913  0.8741
            0.0657  -0.9978   0.0088  2.1642
            0.9893   0.0640  -0.1312  8.2716
            0.0000   0.0000   0.0000  1.0000
thigh_L  -0.9993  -0.0374   0.0069  -0.6486
            -0.0307   0.6850  -0.7279  -0.7409
             0.0225  -0.7276  -0.6857   7.2360
             0.0000   0.0000   0.0000   1.0000
shin_L  -0.9988   0.0490   0.0085  -0.8116
            -0.0234  -0.3135  -0.9493   2.2457
            -0.0439  -0.9483   0.3143   4.0637
             0.0000   0.0000   0.0000   1.0000
foot_L  -0.9977  -0.0609   0.0283  -0.6822
            -0.0671   0.9058  -0.4184   1.4187
            -0.0001  -0.4193  -0.9078   1.5623
             0.0000   0.0000   0.0000   1.0000
toe_L   0.9998  -0.0003  0.0214  -0.7506
            -0.0001   0.9999  0.0166   2.4365
            -0.0214  -0.0166  0.9996   1.0912
             0.0000   0.0000  0.0000   1.0000
heel_02_L  -0.0003  -0.9998  0.0214  -0.4875
             0.9999   0.0001  0.0166   1.2093
            -0.0166   0.0214  0.9996   1.1831
             0.0000   0.0000  0.0000   1.0000
thigh_R  -0.9991   0.0405   0.0110   0.6524
            -0.0172  -0.1565  -0.9875  -0.7411
            -0.0383  -0.9868   0.1571   7.2360
             0.0000   0.0000   0.0000   1.0000
shin_R  -0.9985  -0.0539  -0.0050   0.8291
             0.0539  -0.9985   0.0081  -1.4239
            -0.0055   0.0078   1.0000   2.9314
             0.0000   0.0000   0.0000   1.0000
foot_R  -0.9984  -0.0109  -0.0561   0.6869
             0.0562  -0.3697  -0.9274  -4.0571
            -0.0107  -0.9291   0.3697   2.9520
             0.0000   0.0000   0.0000   1.0000
toe_R   1.0000   0.0077  0.0058   0.6747
            -0.0061   0.0391  0.9992  -4.4720
             0.0074  -0.9992  0.0392   1.9093
             0.0000   0.0000  0.0000   1.0000
heel_02_R  -0.0077   1.0000  0.0058   0.4046
            -0.0391  -0.0061  0.9992  -4.4415
             0.9992   0.0074  0.0392   3.1381
             0.0000   0.0000  0.0000   1.0000
Bone  -0.9669  -0.2482   0.0585  1.2532
            -0.2549   0.9354  -0.2452  0.6583
             0.0062  -0.2520  -0.9677  9.0267
             0.0000   0.0000   0.0000  1.0000
spine_002  -1.0000  -0.0000  -0.0000  -0.0000
            -0.0000   0.2792   0.9602  -0.6809
            -0.0000   0.9602  -0.2792   7.4779
             0.0000   0.0000   0.0000   1.0000
spine_003  -1.0000  -0.0000  -0.0000  -0.0000
            -0.0000   0.2658   0.9640   0.0416
            -0.0000   0.9640  -0.2658   9.9626
             0.0000   0.0000   0.0000   1.0000
spine_004  -1.0000  -0.0000  -0.0000  -0.0000
            -0.0000   0.4881   0.8728   0.3934
             0.0000   0.8728  -0.4881  11.2385
             0.0000   0.0000   0.0000   1.0000
spine_006  -1.0000  -0.0000  -0.0000  -0.0000
            -0.0000   0.2932   0.9560   0.8786
            -0.0000   0.9560  -0.2932  11.9746
             0.0000   0.0000   0.0000   1.0000
upper_arm_L   0.9979   0.0635  0.0134  -1.3895
            -0.0601   0.8271  0.5588   0.1131
             0.0244  -0.5584  0.8292  10.6955
             0.0000   0.0000  0.0000   1.0000
forearm_L   0.5378   0.8413  0.0542  -1.2268
            -0.7980   0.4873  0.3547   2.2318
             0.2720  -0.2340  0.9334   9.2651
             0.0000   0.0000  0.0000   1.0000
hand_L  0.0366   0.8624  -0.5049  0.1357
            0.9765   0.0766   0.2015  3.0210
            0.2124  -0.5004  -0.8393  8.8861
            0.0000   0.0000   0.0000  1.0000
thumb_01_L   0.4582  0.7946   0.3983  0.3423
            -0.3860  0.5815  -0.7161  3.3769
            -0.8007  0.1744   0.5732  8.7629
             0.0000  0.0000   0.0000  1.0000
thumb_02_L   0.1981  0.4834   0.8527  0.5178
             0.9649  0.0569  -0.2565  3.5053
            -0.1725  0.8736  -0.4551  8.8014
             0.0000  0.0000   0.0000  1.0000
palm_03_L   0.2439  0.9221  -0.3004  0.6494
            -0.8559  0.3503   0.3803  3.0902
             0.4559  0.1643   0.8747  8.6246
             0.0000  0.0000   0.0000  1.0000
f_ring_01_L   0.2480  0.7132  -0.6556  0.9799
            -0.8964  0.4256   0.1240  3.2126
             0.3675  0.5569   0.7449  8.6901
             0.0000  0.0000   0.0000  1.0000
upper_arm_R   0.6182   0.4542  0.6415   1.4343
            -0.7592   0.1336  0.6370   0.1241
             0.2036  -0.8808  0.4274  10.6973
             0.0000   0.0000  0.0000   1.0000
forearm_R   0.6648  -0.6661  0.3382  2.6299
             0.6048   0.7457  0.2796  0.4757
            -0.4384   0.0187  0.8986  8.3786
             0.0000   0.0000  0.0000  1.0000
hand_R   0.2299  -0.6637  0.7118  1.6784
             0.1057   0.7441  0.6596  1.5409
            -0.9674  -0.0764  0.2413  8.4053
             0.0000   0.0000  0.0000  1.0000
thumb_01_R  -0.9804  -0.1145   0.1601  1.3912
            -0.1188   0.9928  -0.0178  1.8168
            -0.1569  -0.0365  -0.9869  8.7152
             0.0000   0.0000   0.0000  1.0000
thumb_02_R  -0.1475  -0.9072  -0.3940  1.3639
            -0.7948   0.3459  -0.4986  2.0538
             0.5886   0.2396  -0.7721  8.7065
             0.0000   0.0000   0.0000  1.0000
palm_03_R  0.2469  -0.9483  -0.1992  1.2148
            0.3963   0.2864  -0.8723  2.0620
            0.8843   0.1364   0.4465  8.3544
            0.0000   0.0000   0.0000  1.0000
f_ring_01_R  0.1303   0.0174   0.9913  0.8741
            0.0657  -0.9978   0.0088  2.1642
            0.9893   0.0640  -0.1312  8.3972
            0.0000   0.0000   0.0000  1.0000
thigh_L  -0.9997  -0.0242   0.0014  -0.6504
            -0.0026   0.0481  -0.9988  -0.7410
             0.0241  -0.9986  -0.0481   7.3615
             0.0000   0.0000   0.0000   1.0000
shin_L  -0.9987   0.0511  -0.0052  -0.7558
            -0.0347  -0.7462  -0.6648  -0.5314
            -0.0379  -0.6637   0.7470   3.0079
             0.0000   0.0000   0.0000   1.0000
foot_L  -0.9987  -0.0456   0.0245  -0.6211
            -0.0478   0.6300  -0.7752  -2.4998
             0.0199  -0.7753  -0.6313   1.2571
             0.0000   0.0000   0.0000   1.0000
toe_L   0.9997   0.0213  0.0112  -0.6723
            -0.0220   0.9972  0.0721  -1.7919
            -0.0097  -0.0723  0.9973   0.3860
             0.0000   0.0000  0.0000   1.0000
heel_02_L   0.0152  -0.9997  0.0186  -0.4285
             0.8907   0.0220  0.4541  -2.8570
            -0.4543   0.0097  0.8908   1.0104
             0.0000   0.0000  0.0000   1.0000
thigh_R  -0.9995   0.0228   0.0196   0.6506
             0.0038   0.7429  -0.6694  -0.7410
            -0.0298  -0.6690  -0.7427   7.3615
             0.0000   0.0000   0.0000   1.0000
shin_R  -0.9988  -0.0466   0.0131  0.7500
             0.0207  -0.6559  -0.7546  2.4996
             0.0437  -0.7534   0.6561  4.4434
             0.0000   0.0000   0.0000  1.0000
foot_R  -0.9999  -0.0141  -0.0078  0.6272
             0.0077   0.0058  -1.0000  0.7700
             0.0141  -0.9999  -0.0057  2.4565
             0.0000   0.0000   0.0000  1.0000
toe_R  0.9992  -0.0149  -0.0371  0.6114
            0.0399   0.4115   0.9105  0.7765
            0.0017  -0.9113   0.4118  1.3344
            0.0000   0.0000   0.0000  1.0000
heel_02_R   0.0149  0.9992  -0.0371  0.3659
            -0.4115  0.0399   0.9105  0.3307
             0.9113  0.0017   0.4118  2.4853
             0.0000  0.0000   0.0000  1.0000
Bone  -0.9669  -0.2482   0.0585  1.2532
            -0.2549   0.9354  -0.2452  0.6583
             0.0062  -0.2520  -0.9677  9.1523
             0.0000   0.0000   0.0000  1.0000
spine_002  -1.0000  -0.0000  -0.0000  -0.0000
            -0.0000   0.1836   0.9830  -0.6809
            -0.0000   0.9830  -0.1836   7.5151
             0.0000   0.0000   0.0000   1.0000
spine_003  -1.0000  -0.0000  -0.0000  -0.0000
            -0.0000   0.1699   0.9855  -0.2059
            -0.0000   0.9855  -0.1699  10.0587
             0.0000   0.0000   0.0000   1.0000
spine_004  -1.0000  -0.0000  -0.0000  -0.0000
            -0.0000   0.4000   0.9165   0.0189
             0.0000   0.9165  -0.4000  11.3630
             0.0000   0.0000   0.0000   1.0000
spine_006  -1.0000  -0.0000  -0.0000  -0.0000
            -0.0000   0.1979   0.9802   0.4296
            -0.0000   0.9802  -0.1979  12.1432
             0.0000   0.0000   0.0000   1.0000
upper_arm_L   0.9979   0.0635  0.0134  -1.3895
            -0.0622   0.8780  0.4747  -0.2067
             0.0184  -0.4745  0.8801  10.7951
             0.0000   0.0000  0.0000   1.0000
forearm_L   0.5378   0.8413  0.0542  -1.2268
            -0.8208   0.5079  0.2614   2.0423
             0.1924  -0.1850  0.9637   9.5796
             0.0000   0.0000  0.0000   1.0000
hand_L  0.0366   0.8624  -0.5049  0.1357
            0.9509   0.1253   0.2829  2.8648
            0.3073  -0.4904  -0.8155  9.2800
            0.0000   0.0000   0.0000  1.0000
thumb_01_L   0.4582  0.7946   0.3983  0.3423
            -0.3055  0.5616  -0.7689  3.2311
            -0.8347  0.2306   0.5001  9.1924
             0.0000  0.0000   0.0000  1.0000
thumb_02_L   0.1981   0.4834   0.8527  0.5178
             0.9771  -0.0291  -0.2106  3.3551
            -0.0770   0.8749  -0.4781  9.2433
             0.0000   0.0000   0.0000  1.0000
palm_03_L   0.2439  0.9221  -0.3004  0.6494
            -0.8966  0.3325   0.2926  2.9594
             0.3697  0.1979   0.9078  9.0265
             0.0000  0.0000   0.0000  1.0000
f_ring_01_L   0.2480  0.7132  -0.6556  0.9799
            -0.9281  0.3689   0.0503  3.0748
             0.2777  0.5960   0.7534  9.1037
             0.0000  0.0000   0.0000  1.0000
upper_arm_R   0.6182   0.4542  0.6415   1.4343
            -0.7755   0.2194  0.5920  -0.1959
             0.1281  -0.8635  0.4879  10.7980
             0.0000   0.0000  0.0000   1.0000
forearm_R   0.6648  -0.6661  0.3382  2.6299
             0.6450   0.7402  0.1900  0.3817
            -0.3769   0.0918  0.9217  8.5250
             0.0000   0.0000  0.0000  1.0000
hand_R   0.2299  -0.6637  0.7118  1.6784
             0.2002   0.7480  0.6328  1.4391
            -0.9524  -0.0030  0.3049  8.6561
             0.0000   0.0000  0.0000  1.0000
thumb_01_R  -0.9804  -0.1145   0.1601  1.3912
            -0.1028   0.9915   0.0792  1.6833
            -0.1678   0.0612  -0.9839  8.9917
             0.0000   0.0000   0.0000  1.0000
thumb_02_R  -0.1475  -0.9072  -0.3940  1.3639
            -0.8488   0.3207  -0.4204  1.9199
             0.5078   0.2724  -0.8173  9.0063
             0.0000   0.0000   0.0000  1.0000
palm_03_R  0.2469  -0.9483  -0.1992  1.2148
            0.3076   0.2717  -0.9119  1.9627
            0.9189   0.1639   0.3587  8.6567
            0.0000   0.0000   0.0000  1.0000
f_ring_01_R   0.1303   0.0174   0.9913  0.8741
            -0.0317  -0.9993   0.0217  2.0602
             0.9910  -0.0343  -0.1297  8.7093
             0.0000   0.0000   0.0000  1.0000
thigh_L  -0.9998  -0.0191  -0.0058  -0.6510
             0.0125  -0.3715  -0.9284  -0.7410
             0.0156  -0.9283   0.3716   7.3987
             0.0000   0.0000   0.0000   1.0000
shin_L  -0.9987   0.0485  -0.0137  -0.7344
            -0.0427  -0.9584  -0.2823  -2.3606
            -0.0268  -0.2814   0.9592   3.3516
             0.0000   0.0000   0.0000   1.0000
foot_L  -0.9984  -0.0424   0.0366  -0.6065
            -0.0354  -0.0278  -0.9990  -4.8885
             0.0433  -0.9987   0.0263   2.6093
             0.0000   0.0000   0.0000   1.0000
toe_L   0.9999   0.0133  0.0064  -0.6541
            -0.0109   0.3714  0.9284  -4.9198
             0.0099  -0.9284  0.3715   1.4871
             0.0000   0.0000  0.0000   1.0000
heel_02_L   0.0133  -0.9999  0.0063  -0.4088
             0.3798   0.0109  0.9250  -5.3179
            -0.9250  -0.0099  0.3799   2.6554
             0.0000   0.0000  0.0000   1.0000
thigh_R  -0.9995   0.0245   0.0196   0.6500
             0.0024   0.6834  -0.7301  -0.7410
            -0.0313  -0.7297  -0.6831   7.3987
             0.0000   0.0000   0.0000   1.0000
shin_R  -0.9983  -0.0572   0.0121  0.7571
            -0.0252   0.2348  -0.9717  2.2398
             0.0528  -0.9703  -0.2359  4.2160
             0.0000   0.0000   0.0000  1.0000
foot_R  -0.9985  -0.0282  -0.0464  0.6062
            -0.0176   0.9765  -0.2148  2.8591
             0.0513  -0.2137  -0.9756  1.6570
             0.0000   0.0000   0.0000  1.0000
toe_R   0.9999  -0.0122   0.0039  0.5746
             0.0127   0.9795  -0.2012  3.9550
            -0.0014   0.2013   0.9795  1.4172
             0.0000   0.0000   0.0000  1.0000
heel_02_R   0.0122   0.9999   0.0039  0.3287
            -0.9795   0.0127  -0.2012  2.7327
            -0.2013  -0.0014   0.9795  1.2459
             0.0000   0.0000   0.0000  1.0000
Bone  -0.9669  -0.2482   0.0585  1.2532
            -0.2543   0.9556  -0.1490  0.4874
            -0.0189  -0.1590  -0.9871  9.3129
             0.0000   0.0000   0.0000  1.0000
spine_002  -1.0000  -0.0000  -0.0000  -0.0000
            -0.0000   0.2792   0.9602  -0.6809
             0.0000   0.9602  -0.2792   7.4221
             0.0000   0.0000   0.0000   1.0000
spine_003  -1.0000  -0.0000  -0.0000  -0.0000
            -0.0000   0.2658   0.9640   0.0416
             0.0000   0.9640  -0.2658   9.9067
             0.0000   0.0000   0.0000   1.0000
spine_004  -1.0000  -0.0000  -0.0000  -0.0000
            -0.0000   0.4881   0.8728   0.3934
             0.0000   0.8728  -0.4881  11.1827
             0.0000   0.0000   0.0000   1.0000
spine_006  -1.0000  -0.0000  -0.0000  -0.0000
            -0.0000   0.2932   0.9560   0.8786
             0.0000   0.9560  -0.2932  11.9188
             0.0000   0.0000   0.0000   1.0000
upper_arm_L   0.9979   0.0635  0.0134  -1.3895
            -0.0601   0.8271  0.5588   0.1131
             0.0244  -0.5584  0.8292  10.6396
             0.0000   0.0000  0.0000   1.0000
forearm_L   0.5378   0.8413  0.0542  -1.2268
            -0.7980   0.4873  0.3547   2.2318
             0.2720  -0.2340  0.9334   9.2093
             0.0000   0.0000  0.0000   1.0000
hand_L  0.0366   0.8624  -0.5049  0.1357
            0.9765   0.0766   0.2015  3.0210
            0.2124  -0.5004  -0.8393  8.8303
            0.0000   0.0000   0.0000  1.0000
thumb_01_L   0.4582  0.7946   0.3983  0.3423
            -0.3860  0.5815  -0.7161  3.3769
            -0.8007  0.1744   0.5732  8.7071
             0.0000  0.0000   0.0000  1.0000
thumb_02_L   0.1981  0.4834   0.8527  0.5178
             0.9649  0.0569  -0.2565  3.5053
            -0.1725  0.8736  -0.4551  8.7456
             0.0000  0.0000   0.0000  1.0000
palm_03_L   0.2439  0.9221  -0.3004  0.6494
            -0.8559  0.3503   0.3803  3.0902
             0.4559  0.1643   0.8747  8.5688
             0.0000  0.0000   0.0000  1.0000
f_ring_01_L   0.2480  0.7132  -0.6556  0.9799
            -0.8964  0.4256   0.1240  3.2126
             0.3675  0.5569   0.7449  8.6343
             0.0000  0.0000   0.0000  1.0000
upper_arm_R   0.6182   0.4542  0.6415   1.4343
            -0.7592   0.1336  0.6370   0.1241
             0.2036  -0.8808  0.4274  10.6415
             0.0000   0.0000  0.0000   1.0000
forearm_R   0.6648  -0.6661  0.3382  2.6299
             0.6048   0.7457  0.2796  0.4757
            -0.4384   0.0187  0.8986  8.3228
             0.0000   0.0000  0.0000  1.0000
hand_R   0.2299  -0.6637  0.7118  1.6784
             0.1057   0.7441  0.6596  1.5409
            -0.9674  -0.0764  0.2413  8.3495
             0.0000   0.0000  0.0000  1.0000
thumb_01_R  -0.9804  -0.1145   0.1601  1.3912
            -0.1188   0.9928  -0.0178  1.8168
            -0.1569  -0.0365  -0.9869  8.6594
             0.0000   0.0000   0.0000  1.0000
thumb_02_R  -0.1475  -0.9072  -0.3940  1.3639
            -0.7948   0.3459  -0.4986  2.0538
             0.5886   0.2396  -0.7721  8.6507
             0.0000   0.0000   0.0000  1.0000
palm_03_R  0.2469  -0.9483  -0.1992  1.2148
            0.3963   0.2864  -0.8723  2.0620
            0.8843   0.1364   0.4465  8.2986
            0.0000   0.0000   0.0000  1.0000
f_ring_01_R  0.1303   0.0174   0.9913  0.8741
            0.0657  -0.9978   0.0088  2.1642
            0.9893   0.0640  -0.1312  8.3414
            0.0000   0.0000   0.0000  1.0000
thigh_L  -0.9997  -0.0237   0.0010  -0.6506
             0.0073  -0.3452  -0.9385  -0.7410
             0.0226  -0.9382   0.3452   7.3057
             0.0000   0.0000   0.0000   1.0000
shin_L  -0.9986   0.0526  -0.0023  -0.7539
            -0.0515  -0.9852  -0.1633  -2.2459
            -0.0109  -0.1630   0.9866   3.2150
             0.0000   0.0000   0.0000   1.0000
foot_L  -0.9975  -0.0520   0.0477  -0.6152
            -0.0361  -0.2050  -0.9781  -4.8447
             0.0606  -0.9774   0.2026   2.7852
             0.0000   0.0000   0.0000   1.0000
toe_L  1.0000   0.0000  -0.0000  -0.6736
            0.0000   0.2097   0.9778  -5.0751
            0.0000  -0.9778   0.2097   1.6869
            0.0000   0.0000   0.0000   1.0000
heel_02_L  -0.0000  -1.0000  -0.0000  -0.4124
             0.2097  -0.0000   0.9778  -5.2573
            -0.9778  -0.0000   0.2097   2.9044
             0.0000   0.0000   0.0000   1.0000
thigh_R  -0.9992   0.0382   0.0137   0.6505
             0.0096   0.5503  -0.8349  -0.7410
            -0.0394  -0.8341  -0.5502   7.3057
             0.0000   0.0000   0.0000   1.0000
shin_R  -0.9989  -0.0478   0.0023  0.8170
            -0.0103   0.1665  -0.9860  1.6592
             0.0467  -0.9849  -0.1668  3.6674
             0.0000   0.0000   0.0000  1.0000
foot_R  -0.9987  -0.0155  -0.0478  0.6909
            -0.0055   0.9793  -0.2023  2.0982
             0.0499  -0.2018  -0.9781  1.0701
             0.0000   0.0000   0.0000  1.0000
toe_R   1.0000  -0.0000   0.0000  0.6735
             0.0000   0.9770  -0.2132  3.1973
            -0.0000   0.2132   0.9770  0.8436
             0.0000   0.0000   0.0000  1.0000
heel_02_R   0.0000   1.0000   0.0000  0.4123
            -0.9770   0.0000  -0.2132  1.9804
            -0.2132  -0.0000   0.9770  0.6571
             0.0000   0.0000   0.0000  1.0000
Bone  -0.9669  -0.2482   0.0585  1.2532
            -0.2549   0.9354  -0.2452  0.6583
             0.0062  -0.2520  -0.9677  9.0965
             0.0000   0.0000   0.0000  1.0000
spine_002  -1.0000  -0.0000  -0.0000  -0.0000
            -0.0000   0.2792   0.9602  -0.6809
             0.0000   0.9602  -0.2792   7.3523
             0.0000   0.0000   0.0000   1.0000
spine_003  -1.0000  -0.0000  -0.0000  -0.0000
            -0.0000   0.2658   0.9640   0.0416
             0.0000   0.9640  -0.2658   9.8370
             0.0000   0.0000   0.0000   1.0000
spine_004  -1.0000  -0.0000  -0.0000  -0.0000
            -0.0000   0.4881   0.8728   0.3934
             0.0000   0.8728  -0.4881  11.1129
             0.0000   0.0000   0.0000   1.0000
spine_006  -1.0000  -0.0000  -0.0000  -0.0000
            -0.0000   0.2932   0.9560   0.8786
             0.0000   0.9560  -0.2932  11.8491
             0.0000   0.0000   0.0000   1.0000
upper_arm_L   0.9979   0.0635  0.0134  -1.3895
            -0.0601   0.8271  0.5588   0.1131
             0.0244  -0.5584  0.8292  10.5699
             0.0000   0.0000  0.0000   1.0000
forearm_L   0.5378   0.8413  0.0542  -1.2268
            -0.7980   0.4873  0.3547   2.2318
             0.2720  -0.2340  0.9334   9.1395
             0.0000   0.0000  0.0000   1.0000
hand_L  0.0366   0.8624  -0.5049  0.1357
            0.9765   0.0766   0.2015  3.0210
            0.2124  -0.5004  -0.8393  8.7606
            0.0000   0.0000   0.0000  1.0000
thumb_01_L   0.4582  0.7946   0.3983  0.3423
            -0.3860  0.5815  -0.7161  3.3769
            -0.8007  0.1744   0.5732  8.6374
             0.0000  0.0000   0.0000  1.0000
thumb_02_L   0.1981  0.4834   0.8527  0.5178
             0.9649  0.0569  -0.2565  3.5053
            -0.1725  0.8736  -0.4551  8.6759
             0.0000  0.0000   0.0000  1.0000
palm_03_L   0.2439  0.9221  -0.3004  0.6494
            -0.8559  0.3503   0.3803  3.0902
             0.4559  0.1643   0.8747  8.4990
             0.0000  0.0000   0.0000  1.0000
f_ring_01_L   0.2480  0.7132  -0.6556  0.9799
            -0.8964  0.4256   0.1240  3.2126
             0.3675  0.5569   0.7449  8.5645
             0.0000  0.0000   0.0000  1.0000
upper_arm_R   0.6182   0.4542  0.6415   1.4343
            -0.7592   0.1336  0.6370   0.1241
             0.2036  -0.8808  0.4274  10.5718
             0.0000   0.0000  0.0000   1.0000
forearm_R   0.6648  -0.6661  0.3382  2.6299
             0.6048   0.7457  0.2796  0.4757
            -0.4384   0.0187  0.8986  8.2530
             0.0000   0.0000  0.0000  1.0000
hand_R   0.2299  -0.6637  0.7118  1.6784
             0.1057   0.7441  0.6596  1.5409
            -0.9674  -0.0764  0.2413  8.2797
             0.0000   0.0000  0.0000  1.0000
thumb_01_R  -0.9804  -0.1145   0.1601  1.3912
            -0.1188   0.9928  -0.0178  1.8168
            -0.1569  -0.0365  -0.9869  8.5896
             0.0000   0.0000   0.0000  1.0000
thumb_02_R  -0.1475  -0.9072  -0.3940  1.3639
            -0.7948   0.3459  -0.4986  2.0538
             0.5886   0.2396  -0.7721  8.5809
             0.0000   0.0000   0.0000  1.0000
palm_03_R  0.2469  -0.9483  -0.1992  1.2148
            0.3963   0.2864  -0.8723  2.0620
            0.8843   0.1364   0.4465  8.2289
            0.0000   0.0000   0.0000  1.0000
f_ring_01_R  0.1303   0.0174   0.9913  0.8741
            0.0657  -0.9978   0.0088  2.1642
            0.9893   0.0640  -0.1312  8.2716
            0.0000   0.0000   0.0000  1.0000
thigh_L  -0.9997  -0.0237   0.0010  -0.6506
             0.0027  -0.1566  -0.9877  -0.7410
             0.0236  -0.9874   0.1566   7.2360
             0.0000   0.0000   0.0000   1.0000
shin_L  -0.9986   0.0526  -0.0023  -0.7539
            -0.0526  -0.9986   0.0081  -1.4236
            -0.0019   0.0082   1.0000   2.9310
             0.0000   0.0000   0.0000   1.0000
foot_L  -0.9975  -0.0520   0.0477  -0.6152
            -0.0252  -0.3694  -0.9289  -4.0576
             0.0659  -0.9278   0.3672   2.9526
             0.0000   0.0000   0.0000   1.0000
toe_L  1.0000   0.0000  -0.0000  -0.6736
            0.0000   0.0391   0.9992  -4.4727
            0.0000  -0.9992   0.0391   1.9101
            0.0000   0.0000   0.0000   1.0000
heel_02_L   0.0000  -1.0000  -0.0000  -0.4124
             0.0391  -0.0000   0.9992  -4.4437
            -0.9992  -0.0000   0.0391   3.1408
             0.0000   0.0000   0.0000   1.0000
thigh_R  -0.9992   0.0382   0.0137   0.6505
             0.0162   0.6852  -0.7282  -0.7410
            -0.0372  -0.7273  -0.6853   7.2360
             0.0000   0.0000   0.0000   1.0000
shin_R  -0.9989  -0.0478   0.0023  0.8170
             0.0128  -0.3139  -0.9494  2.2479
             0.0461  -0.9482   0.3142  4.0634
             0.0000   0.0000   0.0000  1.0000
foot_R  -0.9987  -0.0155  -0.0478  0.6909
             0.0060   0.9073  -0.4205  1.4201
             0.0498  -0.4203  -0.9060  1.5627
             0.0000   0.0000   0.0000  1.0000
toe_R   1.0000  -0.0000  0.0000  0.6735
             0.0000   0.9999  0.0158  2.4383
            -0.0000  -0.0158  0.9999  1.0911
             0.0000   0.0000  0.0000  1.0000
heel_02_R   0.0000   1.0000  0.0000  0.4123
            -0.9999   0.0000  0.0158  1.2110
             0.0158  -0.0000  0.9999  1.1876
             0.0000   0.0000  0.0000  1.0000
Bone  -0.9669  -0.2482   0.0585  1.2532
            -0.2549   0.9354  -0.2452  0.6583
             0.0062  -0.2520  -0.9677  9.0267
             0.0000   0.0000   0.0000  1.0000
spine_002  -1.0000  -0.0000  -0.0000  -0.0000
            -0.0000   0.2792   0.9602  -0.6809
             0.0000   0.9602  -0.2792   7.4779
             0.0000   0.0000   0.0000   1.0000
spine_003  -1.0000  -0.0000  -0.0000  -0.0000
            -0.0000   0.2658   0.9640   0.0416
             0.0000   0.9640  -0.2658   9.9626
             0.0000   0.0000   0.0000   1.0000
spine_004  -1.0000  -0.0000  -0.0000  -0.0000
            -0.0000   0.4881   0.8728   0.3934
             0.0000   0.8728  -0.4881  11.2385
             0.0000   0.0000   0.0000   1.0000
spine_006  -1.0000  -0.0000  -0.0000  -0.0000
            -0.0000   0.2932   0.9560   0.8786
             0.0000   0.9560  -0.2932  11.9746
             0.0000   0.0000   0.0000   1.0000
upper_arm_L   0.9979   0.0635  0.0134  -1.3895
            -0.0601   0.8271  0.5588   0.1131
             0.0244  -0.5584  0.8292  10.6955
             0.0000   0.0000  0.0000   1.0000
forearm_L   0.5378   0.8413  0.0542  -1.2268
            -0.7980   0.4873  0.3547   2.2318
             0.2720  -0.2340  0.9334   9.2651
             0.0000   0.0000  0.0000   1.0000
hand_L  0.0366   0.8624  -0.5049  0.1357
            0.9765   0.0766   0.2015  3.0210
            0.2124  -0.5004  -0.8393  8.8861
            0.0000   0.0000   0.0000  1.0000
thumb_01_L   0.4582  0.7946   0.3983  0.3423
            -0.3860  0.5815  -0.7161  3.3769
            -0.8007  0.1744   0.5732  8.7629
             0.0000  0.0000   0.0000  1.0000
thumb_02_L   0.1981  0.4834   0.8527  0.5178
             0.9649  0.0569  -0.2565  3.5053
            -0.1725  0.8736  -0.4551  8.8014
             0.0000  0.0000   0.0000  1.0000
palm_03_L   0.2439  0.9221  -0.3004  0.6494
            -0.8559  0.3503   0.3803  3.0902
             0.4559  0.1643   0.8747  8.6246
             0.0000  0.0000   0.0000  1.0000
f_ring_01_L   0.2480  0.7132  -0.6556  0.9799
            -0.8964  0.4256   0.1240  3.2126
             0.3675  0.5569   0.7449  8.6901
             0.0000  0.0000   0.0000  1.0000
upper_arm_R   0.6182   0.4542  0.6415   1.4343
            -0.7592   0.1336  0.6370   0.1241
             0.2036  -0.8808  0.4274  10.6973
             0.0000   0.0000  0.0000   1.0000
forearm_R   0.6648  -0.6661  0.3382  2.6299
             0.6048   0.7457  0.2796  0.4757
            -0.4384   0.0187  0.8986  8.3786
             0.0000   0.0000  0.0000  1.0000
hand_R   0.2299  -0.6637  0.7118  1.6784
             0.1057   0.7441  0.6596  1.5409
            -0.9674  -0.0764  0.2413  8.4053
             0.0000   0.0000  0.0000  1.0000
thumb_01_R  -0.9804  -0.1145   0.1601  1.3912
            -0.1188   0.9928  -0.0178  1.8168
            -0.1569  -0.0365  -0.9869  8.7152
             0.0000   0.0000   0.0000  1.0000
thumb_02_R  -0.1475  -0.9072  -0.3940  1.3639
            -0.7948   0.3459  -0.4986  2.0538
             0.5886   0.2396  -0.7721  8.7065
             0.0000   0.0000   0.0000  1.0000
palm_03_R  0.2469  -0.9483  -0.1992  1.2148
