4
spine_002  -1.0000  -0.0000  -0.0000  -0.0000
            -0.0000   0.0960   0.9954  -0.6833
             0.0000   0.9954  -0.0960   7.4944
             0.0000   0.0000   0.0000   1.0000
spine_003  -1.0000  -0.0000  -0.0000  -0.0000
            -0.0000   0.0821   0.9966  -0.4348
             0.0000   0.9966  -0.0821  10.0700
             0.0000   0.0000   0.0000   1.0000
spine_004  -1.0000  -0.0000  -0.0000  -0.0000
            -0.0000   0.3175   0.9483  -0.3261
             0.0000   0.9483  -0.3175  11.3891
             0.0000   0.0000   0.0000   1.0000
spine_006  -1.0000  -0.0000  -0.0000  -0.0000
            -0.0000   0.1106   0.9939   0.0140
             0.0000   0.9939  -0.1106  12.2026
             0.0000   0.0000   0.0000   1.0000
upper_arm_L   0.9979   0.0635  0.0134  -1.3895
            -0.0642   0.9363  0.3453  -0.5031
             0.0094  -0.3454  0.9384  10.8024
             0.0000   0.0000  0.0000   1.0000
forearm_L   0.5378   0.8413  0.0542  -1.2268
            -0.8398   0.5290  0.1223   1.8953
             0.0742  -0.1112  0.9910   9.9176
             0.0000   0.0000  0.0000   1.0000
hand_L  0.0366   0.8624  -0.5049  0.1357
            0.8978   0.1935   0.3955  2.7520
            0.4388  -0.4678  -0.7672  9.7374
            0.0000   0.0000   0.0000  1.0000
thumb_01_L   0.4582  0.7946   0.3983  0.3423
            -0.1843  0.5233  -0.8320  3.1270
            -0.8696  0.3078   0.3862  9.7025
             0.0000  0.0000   0.0000  1.0000
thumb_02_L  0.1981   0.4834   0.8527  0.5178
            0.9782  -0.1527  -0.1408  3.2425
            0.0622   0.8620  -0.5031  9.7705
            0.0000   0.0000   0.0000  1.0000
palm_03_L   0.2439  0.9221  -0.3004  0.6494
            -0.9399  0.3011   0.1611  2.8815
             0.2390  0.2430   0.9401  9.4999
             0.0000  0.0000   0.0000  1.0000
f_ring_01_L   0.2480  0.7132  -0.6556  0.9799
            -0.9581  0.2808  -0.0569  2.9848
             0.1435  0.6422   0.7530  9.5927
             0.0000  0.0000   0.0000  1.0000
upper_arm_R   0.6182   0.4542  0.6415   1.4343
            -0.7858   0.3395  0.5169  -0.4926
             0.0170  -0.8237  0.5668  10.8063
             0.0000   0.0000  0.0000   1.0000
forearm_R   0.6648  -0.6661  0.3382  2.6299
             0.6918   0.7198  0.0576  0.4010
            -0.2818   0.1957  0.9393  8.6380
             0.0000   0.0000  0.0000  1.0000
hand_R   0.2299  -0.6637  0.7118  1.6784
             0.3330   0.7409  0.5832  1.4291
            -0.9145   0.1029  0.3914  8.9175
             0.0000   0.0000  0.0000  1.0000
thumb_01_R  -0.9804  -0.1145   0.1601  1.3912
            -0.0780   0.9729   0.2177  1.6233
            -0.1807   0.2010  -0.9628  9.2842
             0.0000   0.0000   0.0000  1.0000
thumb_02_R  -0.1475  -0.9072  -0.3940  1.3639
            -0.9121   0.2789  -0.3005  1.8555
             0.3825   0.3151  -0.8686  9.3322
             0.0000   0.0000   0.0000  1.0000
palm_03_R  0.2469  -0.9483  -0.1992  1.2148
            0.1743   0.2457  -0.9535  1.9473
            0.9532   0.2007   0.2260  8.9922
            0.0000   0.0000   0.0000  1.0000
f_ring_01_R   0.1303   0.0174   0.9913  0.8741
            -0.1717  -0.9843   0.0398  2.0364
             0.9765  -0.1754  -0.1253  9.0581
             0.0000   0.0000   0.0000  1.0000
thigh_L  -0.9997  -0.0237   0.0010  -0.6506
            -0.0099   0.3793  -0.9252  -0.7398
             0.0215  -0.9250  -0.3794   7.3759
             0.0000   0.0000   0.0000   1.0000
shin_L  -0.9986   0.0526  -0.0023  -0.7539
            -0.0027  -0.0951  -0.9955   0.9139
            -0.0526  -0.9941   0.0952   3.3430
             0.0000   0.0000   0.0000   1.0000
foot_L  -0.9975  -0.0520   0.0477  -0.6152
            -0.0671   0.9086  -0.4122   0.6629
            -0.0219  -0.4144  -0.9098   0.7209
             0.0000   0.0000   0.0000   1.0000
toe_L   1.0000   0.0000  -0.0000  -0.6736
            -0.0000   1.0000   0.0098   1.6839
             0.0000  -0.0098   1.0000   0.2553
             0.0000   0.0000   0.0000   1.0000
heel_02_L  -0.0000  -1.0000  -0.0000  -0.4124
             1.0000   0.0000   0.0098   0.4561
            -0.0098  -0.0000   1.0000   0.3445
             0.0000   0.0000   0.0000   1.0000
thigh_R  -0.9992   0.0382   0.0137   0.6505
            -0.0168  -0.0808  -0.9966  -0.7398
            -0.0369  -0.9960   0.0813   7.3759
             0.0000   0.0000   0.0000   1.0000
shin_R  -0.9989  -0.0478   0.0023   0.8170
             0.0189  -0.4379  -0.8988  -1.0921
             0.0440  -0.8977   0.4383   3.0314
             0.0000   0.0000   0.0000   1.0000
foot_R  -0.9987  -0.0155  -0.0478   0.6909
             0.0052   0.9138  -0.4062  -2.2470
             0.0499  -0.4060  -0.9125   0.6639
             0.0000   0.0000   0.0000   1.0000
toe_R   1.0000  -0.0000  0.0000   0.6735
             0.0000   1.0000  0.0000  -1.2215
            -0.0000  -0.0000  1.0000   0.2083
             0.0000   0.0000  0.0000   1.0000
heel_02_R   0.0000   1.0000  0.0000   0.4123
            -1.0000   0.0000  0.0000  -2.4501
             0.0000  -0.0000  1.0000   0.2855
             0.0000   0.0000  0.0000   1.0000
Bone  -0.9669  -0.2482   0.0585  1.2532
            -0.2491   0.9685  -0.0078  0.3266
            -0.0547  -0.0221  -0.9983  9.3905
             0.0000   0.0000   0.0000  1.0000
spine_002  -1.0000  -0.0000  -0.0000  -0.0000
            -0.0000   0.0960   0.9954  -0.6833
             0.0000   0.9954  -0.0960   7.4944
             0.0000   0.0000   0.0000   1.0000
spine_003  -1.0000  -0.0000  -0.0000  -0.0000
            -0.0000   0.0821   0.9966  -0.4348
             0.0000   0.9966  -0.0821  10.0700
             0.0000   0.0000   0.0000   1.0000
spine_004  -1.0000  -0.0000  -0.0000  -0.0000
            -0.0000   0.3175   0.9483  -0.3261
             0.0000   0.9483  -0.3175  11.3891
             0.0000   0.0000   0.0000   1.0000
spine_006  -1.0000  -0.0000  -0.0000  -0.0000
            -0.0000   0.1106   0.9939   0.0140
             0.0000   0.9939  -0.1106  12.2026
             0.0000   0.0000   0.0000   1.0000
upper_arm_L   0.9979   0.0635  0.0134  -1.3895
            -0.0642   0.9363  0.3453  -0.5031
             0.0094  -0.3454  0.9384  10.8024
             0.0000   0.0000  0.0000   1.0000
forearm_L   0.5378   0.8413  0.0542  -1.2268
            -0.8398   0.5290  0.1223   1.8953
             0.0742  -0.1112  0.9910   9.9176
             0.0000   0.0000  0.0000   1.0000
hand_L  0.0366   0.8624  -0.5049  0.1357
            0.8978   0.1935   0.3955  2.7520
            0.4388  -0.4678  -0.7672  9.7374
            0.0000   0.0000   0.0000  1.0000
thumb_01_L   0.4582  0.7946   0.3983  0.3423
            -0.1843  0.5233  -0.8320  3.1270
            -0.8696  0.3078   0.3862  9.7025
             0.0000  0.0000   0.0000  1.0000
thumb_02_L  0.1981   0.4834   0.8527  0.5178
            0.9782  -0.1527  -0.1408  3.2425
            0.0622   0.8620  -0.5031  9.7705
            0.0000   0.0000   0.0000  1.0000
palm_03_L   0.2439  0.9221  -0.3004  0.6494
            -0.9399  0.3011   0.1611  2.8815
             0.2390  0.2430   0.9401  9.4999
             0.0000  0.0000   0.0000  1.0000
f_ring_01_L   0.2480  0.7132  -0.6556  0.9799
            -0.9581  0.2808  -0.0569  2.9848
             0.1435  0.6422   0.7530  9.5927
             0.0000  0.0000   0.0000  1.0000
upper_arm_R   0.6182   0.4542  0.6415   1.4343
            -0.7858   0.3395  0.5169  -0.4926
             0.0170  -0.8237  0.5668  10.8063
             0.0000   0.0000  0.0000   1.0000
forearm_R   0.6648  -0.6661  0.3382  2.6299
             0.6918   0.7198  0.0576  0.4010
            -0.2818   0.1957  0.9393  8.6380
             0.0000   0.0000  0.0000  1.0000
hand_R   0.2299  -0.6637  0.7118  1.6784
             0.3330   0.7409  0.5832  1.4291
            -0.9145   0.1029  0.3914  8.9175
             0.0000   0.0000  0.0000  1.0000
thumb_01_R  -0.9804  -0.1145   0.1601  1.3912
            -0.0780   0.9729   0.2177  1.6233
            -0.1807   0.2010  -0.9628  9.2842
             0.0000   0.0000   0.0000  1.0000
thumb_02_R  -0.1475  -0.9072  -0.3940  1.3639
            -0.9121   0.2789  -0.3005  1.8555
             0.3825   0.3151  -0.8686  9.3322
             0.0000   0.0000   0.0000  1.0000
palm_03_R  0.2469  -0.9483  -0.1992  1.2148
            0.1743   0.2457  -0.9535  1.9473
            0.9532   0.2007   0.2260  8.9922
            0.0000   0.0000   0.0000  1.0000
f_ring_01_R   0.1303   0.0174   0.9913  0.8741
            -0.1717  -0.9843   0.0398  2.0364
             0.9765  -0.1754  -0.1253  9.0581
             0.0000   0.0000   0.0000  1.0000
thigh_L  -0.9832  -0.1724  -0.0601  -0.6506
            -0.0099   0.3793  -0.9252  -0.7398
             0.1823  -0.9091  -0.3746   7.3759
             0.0000   0.0000   0.0000   1.0000
shin_L  -0.9940  -0.1082   0.0130  -1.4021
             0.0209  -0.3061  -0.9518   0.9139
             0.1070  -0.9458   0.3066   3.4123
             0.0000   0.0000   0.0000   1.0000
foot_L  -0.9880  -0.1180  -0.0995  -1.6876
            -0.0884   0.9609  -0.2624   0.1063
             0.1266  -0.2505  -0.9598   0.9175
             0.0000   0.0000   0.0000   1.0000
toe_L   0.9869  -0.0016   0.1611  -1.8202
             0.0257   0.9887  -0.1478   1.1861
            -0.1590   0.1500   0.9758   0.6361
             0.0000   0.0000   0.0000   1.0000
heel_02_L  -0.0016  -0.9869   0.1611  -1.5481
             0.9887  -0.0257  -0.1478  -0.0334
             0.1500   0.1590   0.9758   0.4855
             0.0000   0.0000   0.0000   1.0000
thigh_R  -0.9810   0.1938   0.0008   0.6505
            -0.0168  -0.0808  -0.9966  -0.7398
            -0.1931  -0.9777   0.0825   7.3759
             0.0000   0.0000   0.0000   1.0000
shin_R  -0.9934   0.0935  -0.0664   1.4960
             0.0064  -0.5332  -0.8460  -1.0921
            -0.1145  -0.8408   0.5290   3.1112
             0.0000   0.0000   0.0000   1.0000
foot_R  -0.9942   0.0483   0.0959   1.7427
            -0.0065   0.8641  -0.5032  -2.4981
            -0.1072  -0.5010  -0.8588   0.8938
             0.0000   0.0000   0.0000   1.0000
toe_R  0.9876   0.0000  -0.1568   1.7969
            0.0172   0.9940   0.1081  -1.5284
            0.1558  -0.1095   0.9817   0.3316
            0.0000   0.0000   0.0000   1.0000
heel_02_R  -0.0000  0.9876  -0.1568   1.5268
            -0.9940  0.0172   0.1081  -2.7457
             0.1095  0.1558   0.9817   0.5012
             0.0000  0.0000   0.0000   1.0000
Bone  -0.9669  -0.2482   0.0585  1.2532
            -0.2491   0.9685  -0.0078  0.3266
            -0.0547  -0.0221  -0.9983  9.3905
             0.0000   0.0000   0.0000  1.0000
spine_002  -1.0000  -0.0000  -0.0000  -0.0000
            -0.0000   0.0960   0.9954  -0.6833
             0.0000   0.9954  -0.0960   7.4944
             0.0000   0.0000   0.0000   1.0000
spine_003  -1.0000  -0.0000  -0.0000  -0.0000
            -0.0000   0.0821   0.9966  -0.4348
             0.0000   0.9966  -0.0821  10.0700
             0.0000   0.0000   0.0000   1.0000
spine_004  -1.0000  -0.0000  -0.0000  -0.0000
            -0.0000   0.3175   0.9483  -0.3261
             0.0000   0.9483  -0.3175  11.3891
             0.0000   0.0000   0.0000   1.0000
spine_006  -1.0000  -0.0000  -0.0000  -0.0000
            -0.0000   0.1106   0.9939   0.0140
             0.0000   0.9939  -0.1106  12.2026
             0.0000   0.0000   0.0000   1.0000
upper_arm_L   0.9979   0.0635  0.0134  -1.3895
            -0.0642   0.9363  0.3453  -0.5031
             0.0094  -0.3454  0.9384  10.8024
             0.0000   0.0000  0.0000   1.0000
forearm_L   0.5378   0.8413  0.0542  -1.2268
            -0.8398   0.5290  0.1223   1.8953
             0.0742  -0.1112  0.9910   9.9176
             0.0000   0.0000  0.0000   1.0000
hand_L  0.0366   0.8624  -0.5049  0.1357
            0.8978   0.1935   0.3955  2.7520
            0.4388  -0.4678  -0.7672  9.7374
            0.0000   0.0000   0.0000  1.0000
thumb_01_L   0.4582  0.7946   0.3983  0.3423
            -0.1843  0.5233  -0.8320  3.1270
            -0.8696  0.3078   0.3862  9.7025
             0.0000  0.0000   0.0000  1.0000
thumb_02_L  0.1981   0.4834   0.8527  0.5178
            0.9782  -0.1527  -0.1408  3.2425
            0.0622   0.8620  -0.5031  9.7705
            0.0000   0.0000   0.0000  1.0000
palm_03_L   0.2439  0.9221  -0.3004  0.6494
            -0.9399  0.3011   0.1611  2.8815
             0.2390  0.2430   0.9401  9.4999
             0.0000  0.0000   0.0000  1.0000
f_ring_01_L   0.2480  0.7132  -0.6556  0.9799
            -0.9581  0.2808  -0.0569  2.9848
             0.1435  0.6422   0.7530  9.5927
             0.0000  0.0000   0.0000  1.0000
upper_arm_R   0.6182   0.4542  0.6415   1.4343
            -0.7858   0.3395  0.5169  -0.4926
             0.0170  -0.8237  0.5668  10.8063
             0.0000   0.0000  0.0000   1.0000
forearm_R   0.6648  -0.6661  0.3382  2.6299
             0.6918   0.7198  0.0576  0.4010
            -0.2818   0.1957  0.9393  8.6380
             0.0000   0.0000  0.0000  1.0000
hand_R   0.2299  -0.6637  0.7118  1.6784
             0.3330   0.7409  0.5832  1.4291
            -0.9145   0.1029  0.3914  8.9175
             0.0000   0.0000  0.0000  1.0000
thumb_01_R  -0.9804  -0.1145   0.1601  1.3912
            -0.0780   0.9729   0.2177  1.6233
            -0.1807   0.2010  -0.9628  9.2842
             0.0000   0.0000   0.0000  1.0000
thumb_02_R  -0.1475  -0.9072  -0.3940  1.3639
            -0.9121   0.2789  -0.3005  1.8555
             0.3825   0.3151  -0.8686  9.3322
             0.0000   0.0000   0.0000  1.0000
palm_03_R  0.2469  -0.9483  -0.1992  1.2148
            0.1743   0.2457  -0.9535  1.9473
            0.9532   0.2007   0.2260  8.9922
            0.0000   0.0000   0.0000  1.0000
f_ring_01_R   0.1303   0.0174   0.9913  0.8741
            -0.1717  -0.9843   0.0398  2.0364
             0.9765  -0.1754  -0.1253  9.0581
             0.0000   0.0000   0.0000  1.0000
thigh_L  -0.9791   0.1842   0.0860  -0.6506
            -0.0099   0.3793  -0.9252  -0.7398
            -0.2030  -0.9068  -0.3696   7.3759
             0.0000   0.0000   0.0000   1.0000
shin_L  -0.9614   0.2740  -0.0236  0.1525
            -0.0027  -0.0951  -0.9955  0.9139
            -0.2750  -0.9570   0.0922  3.4224
             0.0000   0.0000   0.0000  1.0000
foot_L  -0.9672   0.0422   0.2504  0.8753
            -0.0671   0.9086  -0.4122  0.6629
            -0.2449  -0.4155  -0.8760  0.8981
             0.0000   0.0000   0.0000  1.0000
toe_L   0.9746   0.0022  -0.2241  0.9227
            -0.0000   1.0000   0.0098  1.6839
             0.2241  -0.0096   0.9745  0.4312
             0.0000   0.0000   0.0000  1.0000
heel_02_L   0.0022  -0.9746  -0.2241  1.1573
             1.0000   0.0000   0.0098  0.4561
            -0.0096  -0.2241   0.9745  0.5767
             0.0000   0.0000   0.0000  1.0000
thigh_R  -0.9988  -0.0451   0.0205   0.6505
            -0.0168  -0.0808  -0.9966  -0.7398
             0.0466  -0.9957   0.0799   7.3759
             0.0000   0.0000   0.0000   1.0000
shin_R  -0.9917  -0.1226   0.0389   0.4536
             0.0189  -0.4379  -0.8988  -1.0921
             0.1273  -0.8906   0.4366   3.0326
             0.0000   0.0000   0.0000   1.0000
foot_R  -0.9911  -0.0494  -0.1238   0.1302
             0.0052   0.9138  -0.4062  -2.2470
             0.1332  -0.4033  -0.9053   0.6840
             0.0000   0.0000   0.0000   1.0000
toe_R   0.9965  -0.0000  0.0835   0.0748
             0.0000   1.0000  0.0000  -1.2215
            -0.0835  -0.0000  0.9965   0.2314
             0.0000   0.0000  0.0000   1.0000
heel_02_R   0.0000   0.9965  0.0835  -0.1790
            -1.0000   0.0000  0.0000  -2.4501
             0.0000  -0.0835  0.9965   0.3302
             0.0000   0.0000  0.0000   1.0000
Bone  -0.9669  -0.2482   0.0585  1.2532
            -0.2491   0.9685  -0.0078  0.3266
            -0.0547  -0.0221  -0.9983  9.3905
             0.0000   0.0000   0.0000  1.0000
spine_002  -1.0000  -0.0000  -0.0000  -0.0000
            -0.0000   0.0960   0.9954  -0.6833
             0.0000   0.9954  -0.0960   7.4944
             0.0000   0.0000   0.0000   1.0000
spine_003  -1.0000  -0.0000  -0.0000  -0.0000
            -0.0000   0.0821   0.9966  -0.4348
             0.0000   0.9966  -0.0821  10.0700
             0.0000   0.0000   0.0000   1.0000
spine_004  -1.0000  -0.0000  -0.0000  -0.0000
            -0.0000   0.3175   0.9483  -0.3261
             0.0000   0.9483  -0.3175  11.3891
             0.0000   0.0000   0.0000   1.0000
spine_006  -1.0000  -0.0000  -0.0000  -0.0000
            -0.0000   0.1106   0.9939   0.0140
             0.0000   0.9939  -0.1106  12.2026
             0.0000   0.0000   0.0000   1.0000
upper_arm_L   0.9979   0.0635  0.0134  -1.3895
            -0.0642   0.9363  0.3453  -0.5031
             0.0094  -0.3454  0.9384  10.8024
             0.0000   0.0000  0.0000   1.0000
forearm_L   0.5378   0.8413  0.0542  -1.2268
            -0.8398   0.5290  0.1223   1.8953
             0.0742  -0.1112  0.9910   9.9176
             0.0000   0.0000  0.0000   1.0000
hand_L  0.0366   0.8624  -0.5049  0.1357
            0.8978   0.1935   0.3955  2.7520
            0.4388  -0.4678  -0.7672  9.7374
            0.0000   0.0000   0.0000  1.0000
thumb_01_L   0.4582  0.7946   0.3983  0.3423
            -0.1843  0.5233  -0.8320  3.1270
            -0.8696  0.3078   0.3862  9.7025
             0.0000  0.0000   0.0000  1.0000
thumb_02_L  0.1981   0.4834   0.8527  0.5178
            0.9782  -0.1527  -0.1408  3.2425
            0.0622   0.8620  -0.5031  9.7705
            0.0000   0.0000   0.0000  1.0000
palm_03_L   0.2439  0.9221  -0.3004  0.6494
            -0.9399  0.3011   0.1611  2.8815
             0.2390  0.2430   0.9401  9.4999
             0.0000  0.0000   0.0000  1.0000
f_ring_01_L   0.2480  0.7132  -0.6556  0.9799
            -0.9581  0.2808  -0.0569  2.9848
             0.1435  0.6422   0.7530  9.5927
             0.0000  0.0000   0.0000  1.0000
upper_arm_R   0.6182   0.4542  0.6415   1.4343
            -0.7858   0.3395  0.5169  -0.4926
             0.0170  -0.8237  0.5668  10.8063
             0.0000   0.0000  0.0000   1.0000
forearm_R   0.6648  -0.6661  0.3382  2.6299
             0.6918   0.7198  0.0576  0.4010
            -0.2818   0.1957  0.9393  8.6380
             0.0000   0.0000  0.0000  1.0000
hand_R   0.2299  -0.6637  0.7118  1.6784
             0.3330   0.7409  0.5832  1.4291
            -0.9145   0.1029  0.3914  8.9175
             0.0000   0.0000  0.0000  1.0000
thumb_01_R  -0.9804  -0.1145   0.1601  1.3912
            -0.0780   0.9729   0.2177  1.6233
            -0.1807   0.2010  -0.9628  9.2842
             0.0000   0.0000   0.0000  1.0000
thumb_02_R  -0.1475  -0.9072  -0.3940  1.3639
            -0.9121   0.2789  -0.3005  1.8555
             0.3825   0.3151  -0.8686  9.3322
             0.0000   0.0000   0.0000  1.0000
palm_03_R  0.2469  -0.9483  -0.1992  1.2148
            0.1743   0.2457  -0.9535  1.9473
            0.9532   0.2007   0.2260  8.9922
            0.0000   0.0000   0.0000  1.0000
f_ring_01_R   0.1303   0.0174   0.9913  0.8741
            -0.1717  -0.9843   0.0398  2.0364
             0.9765  -0.1754  -0.1253  9.0581
             0.0000   0.0000   0.0000  1.0000
thigh_L  -0.9832  -0.1724  -0.0601  -0.6506
            -0.0099   0.3793  -0.9252  -0.7398
             0.1823  -0.9091  -0.3746   7.3759
             0.0000   0.0000   0.0000   1.0000
shin_L  -0.9940  -0.1082   0.0130  -1.4021
             0.0209  -0.3061  -0.9518   0.9139
             0.1070  -0.9458   0.3066   3.4123
             0.0000   0.0000   0.0000   1.0000
foot_L  -0.9880  -0.1180  -0.0995  -1.6876
            -0.0884   0.9609  -0.2624   0.1063
             0.1266  -0.2505  -0.9598   0.9175
             0.0000   0.0000   0.0000   1.0000
toe_L   0.9869  -0.0016   0.1611  -1.8202
             0.0257   0.9887  -0.1478   1.1861
            -0.1590   0.1500   0.9758   0.6361
             0.0000   0.0000   0.0000   1.0000
heel_02_L  -0.0016  -0.9869   0.1611  -1.5481
             0.9887  -0.0257  -0.1478  -0.0334
             0.1500   0.1590   0.9758   0.4855
             0.0000   0.0000   0.0000   1.0000
thigh_R  -0.9810   0.1938   0.0008   0.6505
            -0.0168  -0.0808  -0.9966  -0.7398
            -0.1931  -0.9777   0.0825   7.3759
             0.0000   0.0000   0.0000   1.0000
shin_R  -0.9934   0.0935  -0.0664   1.4960
             0.0064  -0.5332  -0.8460  -1.0921
            -0.1145  -0.8408   0.5290   3.1112
             0.0000   0.0000   0.0000   1.0000
foot_R  -0.9942   0.0483   0.0959   1.7427
            -0.0065   0.8641  -0.5032  -2.4981
            -0.1072  -0.5010  -0.8588   0.8938
             0.0000   0.0000   0.0000   1.0000
toe_R  0.9876   0.0000  -0.1568   1.7969
            0.0172   0.9940   0.1081  -1.5284
            0.1558  -0.1095   0.9817   0.3316
            0.0000   0.0000   0.0000   1.0000
heel_02_R  -0.0000  0.9876  -0.1568   1.5268
            -0.9940  0.0172   0.1081  -2.7457
             0.1095  0.1558   0.9817   0.5012
             0.0000  0.0000   0.0000   1.0000
Bone  -0.9669  -0.2482   0.0585  1.2532
            -0.2491   0.9685  -0.0078  0.3266
            -0.0547  -0.0221  -0.9983  9.3905
             0.0000   0.0000   0.0000  1.0000

