10
spine_002  -1.0000  -0.0000  -0.0000  -0.0000
            -0.0000   0.0960   0.9954  -0.6833
             0.0000   0.9954  -0.0960   7.4944
             0.0000   0.0000   0.0000   1.0000
spine_003  -1.0000  -0.0000  -0.0000  -0.0000
            -0.0000   0.0821   0.9966  -0.4348
             0.0000   0.9966  -0.0821  10.0700
             0.0000   0.0000   0.0000   1.0000
spine_004  -1.0000  -0.0000  -0.0000  -0.0000
            -0.0000   0.3175   0.9483  -0.3261
             0.0000   0.9483  -0.3175  11.3891
             0.0000   0.0000   0.0000   1.0000
spine_006  -1.0000  -0.0000  -0.0000  -0.0000
            -0.0000   0.1106   0.9939   0.0140
             0.0000   0.9939  -0.1106  12.2026
             0.0000   0.0000   0.0000   1.0000
upper_arm_L   0.9979   0.0635  0.0134  -1.3895
            -0.0642   0.9363  0.3453  -0.5031
             0.0094  -0.3454  0.9384  10.8024
             0.0000   0.0000  0.0000   1.0000
forearm_L   0.5378   0.8413  0.0542  -1.2268
            -0.8398   0.5290  0.1223   1.8953
             0.0742  -0.1112  0.9910   9.9176
             0.0000   0.0000  0.0000   1.0000
hand_L  0.0366   0.8624  -0.5049  0.1357
            0.8978   0.1935   0.3955  2.7520
            0.4388  -0.4678  -0.7672  9.7374
            0.0000   0.0000   0.0000  1.0000
thumb_01_L   0.4582  0.7946   0.3983  0.3423
            -0.1843  0.5233  -0.8320  3.1270
            -0.8696  0.3078   0.3862  9.7025
             0.0000  0.0000   0.0000  1.0000
thumb_02_L  0.1981   0.4834   0.8527  0.5178
            0.9782  -0.1527  -0.1408  3.2425
            0.0622   0.8620  -0.5031  9.7705
            0.0000   0.0000   0.0000  1.0000
palm_03_L   0.2439  0.9221  -0.3004  0.6494
            -0.9399  0.3011   0.1611  2.8815
             0.2390  0.2430   0.9401  9.4999
             0.0000  0.0000   0.0000  1.0000
f_ring_01_L   0.2480  0.7132  -0.6556  0.9799
            -0.9581  0.2808  -0.0569  2.9848
             0.1435  0.6422   0.7530  9.5927
             0.0000  0.0000   0.0000  1.0000
upper_arm_R   0.6182   0.4542  0.6415   1.4343
            -0.7858   0.3395  0.5169  -0.4926
             0.0170  -0.8237  0.5668  10.8063
             0.0000   0.0000  0.0000   1.0000
forearm_R   0.6648  -0.6661  0.3382  2.6299
             0.6918   0.7198  0.0576  0.4010
            -0.2818   0.1957  0.9393  8.6380
             0.0000   0.0000  0.0000  1.0000
hand_R   0.2299  -0.6637  0.7118  1.6784
             0.3330   0.7409  0.5832  1.4291
            -0.9145   0.1029  0.3914  8.9175
             0.0000   0.0000  0.0000  1.0000
thumb_01_R  -0.9804  -0.1145   0.1601  1.3912
            -0.0780   0.9729   0.2177  1.6233
            -0.1807   0.2010  -0.9628  9.2842
             0.0000   0.0000   0.0000  1.0000
thumb_02_R  -0.1475  -0.9072  -0.3940  1.3639
            -0.9121   0.2789  -0.3005  1.8555
             0.3825   0.3151  -0.8686  9.3322
             0.0000   0.0000   0.0000  1.0000
palm_03_R  0.2469  -0.9483  -0.1992  1.2148
            0.1743   0.2457  -0.9535  1.9473
            0.9532   0.2007   0.2260  8.9922
            0.0000   0.0000   0.0000  1.0000
f_ring_01_R   0.1303   0.0174   0.9913  0.8741
            -0.1717  -0.9843   0.0398  2.0364
             0.9765  -0.1754  -0.1253  9.0581
             0.0000   0.0000   0.0000  1.0000
thigh_L  -0.9997  -0.0237   0.0010  -0.6506
            -0.0099   0.3793  -0.9252  -0.7398
             0.0215  -0.9250  -0.3794   7.3759
             0.0000   0.0000   0.0000   1.0000
shin_L  -0.9986   0.0526  -0.0023  -0.7539
            -0.0027  -0.0951  -0.9955   0.9139
            -0.0526  -0.9941   0.0952   3.3430
             0.0000   0.0000   0.0000   1.0000
foot_L  -0.9975  -0.0520   0.0477  -0.6152
            -0.0671   0.9086  -0.4122   0.6629
            -0.0219  -0.4144  -0.9098   0.7209
             0.0000   0.0000   0.0000   1.0000
toe_L   1.0000   0.0000  -0.0000  -0.6736
            -0.0000   1.0000   0.0098   1.6839
             0.0000  -0.0098   1.0000   0.2553
             0.0000   0.0000   0.0000   1.0000
heel_02_L  -0.0000  -1.0000  -0.0000  -0.4124
             1.0000   0.0000   0.0098   0.4561
            -0.0098  -0.0000   1.0000   0.3445
             0.0000   0.0000   0.0000   1.0000
thigh_R  -0.9992   0.0382   0.0137   0.6505
            -0.0168  -0.0808  -0.9966  -0.7398
            -0.0369  -0.9960   0.0813   7.3759
             0.0000   0.0000   0.0000   1.0000
shin_R  -0.9989  -0.0478   0.0023   0.8170
             0.0189  -0.4379  -0.8988  -1.0921
             0.0440  -0.8977   0.4383   3.0314
             0.0000   0.0000   0.0000   1.0000
foot_R  -0.9987  -0.0155  -0.0478   0.6909
             0.0052   0.9138  -0.4062  -2.2470
             0.0499  -0.4060  -0.9125   0.6639
             0.0000   0.0000   0.0000   1.0000
toe_R   1.0000  -0.0000  0.0000   0.6735
             0.0000   1.0000  0.0000  -1.2215
            -0.0000  -0.0000  1.0000   0.2083
             0.0000   0.0000  0.0000   1.0000
heel_02_R   0.0000   1.0000  0.0000   0.4123
            -1.0000   0.0000  0.0000  -2.4501
             0.0000  -0.0000  1.0000   0.2855
             0.0000   0.0000  0.0000   1.0000
Bone  -0.9669  -0.2482   0.0585  1.2532
            -0.2491   0.9685  -0.0078  0.3266
            -0.0547  -0.0221  -0.9983  9.3905
             0.0000   0.0000   0.0000  1.0000
spine_002  -1.0000  -0.0000  -0.0000  -0.0000
            -0.0000   0.0124   0.9999  -0.6830
             0.0000   0.9999  -0.0124   7.4731
             0.0000   0.0000   0.0000   1.0000
spine_003  -1.0000  -0.0000  -0.0000  -0.0000
            -0.0000  -0.0016   1.0000  -0.6510
            -0.0000   1.0000   0.0016  10.0605
             0.0000   0.0000   0.0000   1.0000
spine_004  -1.0000  -0.0000  -0.0000  -0.0000
            -0.0000   0.2370   0.9715  -0.6530
             0.0000   0.9715  -0.2370  11.3841
             0.0000   0.0000   0.0000   1.0000
spine_006  -1.0000  -0.0000  -0.0000  -0.0000
            -0.0000   0.0270   0.9996  -0.3822
             0.0000   0.9996  -0.0270  12.2231
             0.0000   0.0000   0.0000   1.0000
upper_arm_L   0.9979   0.0635  0.0134  -1.3895
            -0.0645   0.9463  0.3168  -0.7780
             0.0075  -0.3170  0.9484  10.7858
             0.0000   0.0000  0.0000   1.0000
forearm_L   0.5378   0.8413  0.0542  -1.2268
            -0.8416   0.5321  0.0923   1.6460
             0.0488  -0.0952  0.9943   9.9739
             0.0000   0.0000  0.0000   1.0000
hand_L  0.0366   0.8624  -0.5049  0.1357
            0.8842   0.2075   0.4185  2.5078
            0.4657  -0.4617  -0.7549  9.8196
            0.0000   0.0000   0.0000  1.0000
thumb_01_L   0.4582  0.7946   0.3983  0.3423
            -0.1579  0.5137  -0.8433  2.8837
            -0.8747  0.3235   0.3609  9.7961
             0.0000  0.0000   0.0000  1.0000
thumb_02_L  0.1981   0.4834   0.8527  0.5178
            0.9759  -0.1786  -0.1255  2.9971
            0.0917   0.8570  -0.5071  9.8675
            0.0000   0.0000   0.0000  1.0000
palm_03_L   0.2439  0.9221  -0.3004  0.6494
            -0.9467  0.2936   0.1326  2.6444
             0.2105  0.2520   0.9446  9.5861
             0.0000  0.0000   0.0000  1.0000
f_ring_01_L   0.2480  0.7132  -0.6556  0.9799
            -0.9620  0.2613  -0.0796  2.7449
             0.1145  0.6504   0.7509  9.6820
             0.0000  0.0000   0.0000  1.0000
upper_arm_R   0.6182   0.4542  0.6415   1.4343
            -0.7860   0.3642  0.4996  -0.7678
            -0.0067  -0.8131  0.5821  10.7906
             0.0000   0.0000  0.0000   1.0000
forearm_R   0.6648  -0.6661  0.3382  2.6299
             0.7000   0.7135  0.0292  0.1908
            -0.2608   0.2173  0.9406  8.6502
             0.0000   0.0000  0.0000  1.0000
hand_R   0.2299  -0.6637  0.7118  1.6784
             0.3605   0.7375  0.5712  1.2101
            -0.9040   0.1252  0.4088  8.9607
             0.0000   0.0000  0.0000  1.0000
thumb_01_R  -0.9804  -0.1145   0.1601  1.3912
            -0.0726   0.9664   0.2467  1.3931
            -0.1829   0.2302  -0.9558  9.3331
             0.0000   0.0000   0.0000  1.0000
thumb_02_R  -0.1475  -0.9072  -0.3940  1.3639
            -0.9232   0.2692  -0.2741  1.6238
             0.3548   0.3233  -0.8773  9.3880
             0.0000   0.0000   0.0000  1.0000
palm_03_R  0.2469  -0.9483  -0.1992  1.2148
            0.1455   0.2396  -0.9599  1.7258
            0.9581   0.2080   0.1971  9.0510
            0.0000   0.0000   0.0000  1.0000
f_ring_01_R   0.1303   0.0174   0.9913  0.8741
            -0.2011  -0.9786   0.0436  1.8129
             0.9709  -0.2050  -0.1241  9.1195
             0.0000   0.0000   0.0000  1.0000
thigh_L  -0.9996  -0.0275   0.0033  -0.6505
            -0.0149   0.4324  -0.9016  -0.7400
             0.0233  -0.9013  -0.4326   7.3564
             0.0000   0.0000   0.0000   1.0000
shin_L  -0.9987   0.0500   0.0007  -0.7702
             0.0151   0.3153  -0.9489   1.1452
            -0.0476  -0.9477  -0.3156   3.4269
             0.0000   0.0000   0.0000   1.0000
foot_L  -0.9974  -0.0557   0.0450  -0.6383
            -0.0570   0.9980  -0.0279   1.9768
            -0.0434  -0.0304  -0.9986   0.9271
             0.0000   0.0000   0.0000   1.0000
toe_L   1.0000  -0.0023   0.0040  -0.7009
             0.0036   0.9259  -0.3778   3.0982
            -0.0028   0.3778   0.9259   0.8930
             0.0000   0.0000   0.0000   1.0000
heel_02_L  -0.0023  -1.0000   0.0040  -0.4366
             0.9259  -0.0036  -0.3778   1.9324
             0.3778   0.0028   0.9259   0.4994
             0.0000   0.0000   0.0000   1.0000
thigh_R  -0.9991   0.0393   0.0124   0.6505
            -0.0234  -0.2942  -0.9555  -0.7400
            -0.0340  -0.9549   0.2948   7.3564
             0.0000   0.0000   0.0000   1.0000
shin_R  -0.9989  -0.0479  -0.0005   0.8222
             0.0321  -0.6605  -0.7501  -2.0231
             0.0356  -0.7493   0.6613   3.1910
             0.0000   0.0000   0.0000   1.0000
foot_R  -0.9980  -0.0086  -0.0633   0.6958
             0.0313   0.7976  -0.6023  -3.7649
             0.0557  -0.6031  -0.7957   1.2150
             0.0000   0.0000   0.0000   1.0000
toe_R   0.9999   0.0127  0.0114   0.6861
            -0.0149   0.9737  0.2274  -2.8697
            -0.0082  -0.2276  0.9737   0.5382
             0.0000   0.0000  0.0000   1.0000
heel_02_R  -0.0127   0.9999  0.0114   0.4103
            -0.9737  -0.0149  0.2274  -4.0445
             0.2276  -0.0082  0.9737   0.8951
             0.0000   0.0000  0.0000   1.0000
Bone  -0.9669  -0.2482   0.0585  1.2532
            -0.2473   0.9687   0.0224  0.1599
            -0.0622   0.0072  -0.9980  9.4446
             0.0000   0.0000   0.0000  1.0000
spine_002  -1.0000  -0.0000  -0.0000  -0.0000
            -0.0000   0.0124   0.9999  -0.6830
             0.0000   0.9999  -0.0124   7.4731
             0.0000   0.0000   0.0000   1.0000
spine_003  -1.0000  -0.0000  -0.0000  -0.0000
            -0.0000  -0.0016   1.0000  -0.6510
            -0.0000   1.0000   0.0016  10.0605
             0.0000   0.0000   0.0000   1.0000
spine_004  -1.0000  -0.0000  -0.0000  -0.0000
            -0.0000   0.2370   0.9715  -0.6530
             0.0000   0.9715  -0.2370  11.3841
             0.0000   0.0000   0.0000   1.0000
spine_006  -1.0000  -0.0000  -0.0000  -0.0000
            -0.0000   0.0270   0.9996  -0.3822
             0.0000   0.9996  -0.0270  12.2231
             0.0000   0.0000   0.0000   1.0000
upper_arm_L   0.9979   0.0635  0.0134  -1.3895
            -0.0645   0.9463  0.3168  -0.7780
             0.0075  -0.3170  0.9484  10.7858
             0.0000   0.0000  0.0000   1.0000
forearm_L   0.5378   0.8413  0.0542  -1.2268
            -0.8416   0.5321  0.0923   1.6460
             0.0488  -0.0952  0.9943   9.9739
             0.0000   0.0000  0.0000   1.0000
hand_L  0.0366   0.8624  -0.5049  0.1357
            0.8842   0.2075   0.4185  2.5078
            0.4657  -0.4617  -0.7549  9.8196
            0.0000   0.0000   0.0000  1.0000
thumb_01_L   0.4582  0.7946   0.3983  0.3423
            -0.1579  0.5137  -0.8433  2.8837
            -0.8747  0.3235   0.3609  9.7961
             0.0000  0.0000   0.0000  1.0000
thumb_02_L  0.1981   0.4834   0.8527  0.5178
            0.9759  -0.1786  -0.1255  2.9971
            0.0917   0.8570  -0.5071  9.8675
            0.0000   0.0000   0.0000  1.0000
palm_03_L   0.2439  0.9221  -0.3004  0.6494
            -0.9467  0.2936   0.1326  2.6444
             0.2105  0.2520   0.9446  9.5861
             0.0000  0.0000   0.0000  1.0000
f_ring_01_L   0.2480  0.7132  -0.6556  0.9799
            -0.9620  0.2613  -0.0796  2.7449
             0.1145  0.6504   0.7509  9.6820
             0.0000  0.0000   0.0000  1.0000
upper_arm_R   0.6182   0.4542  0.6415   1.4343
            -0.7860   0.3642  0.4996  -0.7678
            -0.0067  -0.8131  0.5821  10.7906
             0.0000   0.0000  0.0000   1.0000
forearm_R   0.6648  -0.6661  0.3382  2.6299
             0.7000   0.7135  0.0292  0.1908
            -0.2608   0.2173  0.9406  8.6502
             0.0000   0.0000  0.0000  1.0000
hand_R   0.2299  -0.6637  0.7118  1.6784
             0.3605   0.7375  0.5712  1.2101
            -0.9040   0.1252  0.4088  8.9607
             0.0000   0.0000  0.0000  1.0000
thumb_01_R  -0.9804  -0.1145   0.1601  1.3912
            -0.0726   0.9664   0.2467  1.3931
            -0.1829   0.2302  -0.9558  9.3331
             0.0000   0.0000   0.0000  1.0000
thumb_02_R  -0.1475  -0.9072  -0.3940  1.3639
            -0.9232   0.2692  -0.2741  1.6238
             0.3548   0.3233  -0.8773  9.3880
             0.0000   0.0000   0.0000  1.0000
palm_03_R  0.2469  -0.9483  -0.1992  1.2148
            0.1455   0.2396  -0.9599  1.7258
            0.9581   0.2080   0.1971  9.0510
            0.0000   0.0000   0.0000  1.0000
f_ring_01_R   0.1303   0.0174   0.9913  0.8741
            -0.2011  -0.9786   0.0436  1.8129
             0.9709  -0.2050  -0.1241  9.1195
             0.0000   0.0000   0.0000  1.0000
thigh_L  -0.9993  -0.0359   0.0068  -0.6511
            -0.0280   0.6318  -0.7746  -0.7399
             0.0235  -0.7743  -0.6324   7.4064
             0.0000   0.0000   0.0000   1.0000
shin_L  -0.9988   0.0494   0.0072  -0.8077
            -0.0242  -0.3536  -0.9351   2.0148
            -0.0436  -0.9341   0.3544   4.0305
             0.0000   0.0000   0.0000   1.0000
foot_L  -0.9971  -0.0620   0.0452  -0.6775
            -0.0765   0.7667  -0.6374   1.0820
             0.0049  -0.6390  -0.7692   1.5666
             0.0000   0.0000   0.0000   1.0000
toe_L   0.9999  -0.0081  0.0064  -0.7471
             0.0061   0.9619  0.2734   1.9435
            -0.0083  -0.2734  0.9619   0.8486
             0.0000   0.0000  0.0000   1.0000
heel_02_L  -0.0081  -0.9999  0.0064  -0.4755
             0.9619  -0.0061  0.2734   0.7844
            -0.2734   0.0083  0.9619   1.2564
             0.0000   0.0000  0.0000   1.0000
thigh_R  -0.9992   0.0374   0.0144   0.6499
            -0.0119   0.0665  -0.9977  -0.7398
            -0.0383  -0.9971  -0.0660   7.4064
             0.0000   0.0000   0.0000   1.0000
shin_R  -0.9988  -0.0484   0.0021   0.8131
             0.0090  -0.2281  -0.9736  -0.4499
             0.0477  -0.9724   0.2283   3.0572
             0.0000   0.0000   0.0000   1.0000
foot_R  -0.9981  -0.0144  -0.0602   0.6854
             0.0118   0.9106  -0.4130  -1.0515
             0.0608  -0.4129  -0.9087   0.4928
             0.0000   0.0000   0.0000   1.0000
toe_R   0.9999   0.0061  0.0109   0.6692
            -0.0062   1.0000  0.0078  -0.0295
            -0.0109  -0.0079  0.9999   0.0293
             0.0000   0.0000  0.0000   1.0000
heel_02_R  -0.0061   0.9999  0.0109   0.4014
            -1.0000  -0.0062  0.0078  -1.2559
             0.0079  -0.0109  0.9999   0.1190
             0.0000   0.0000  0.0000   1.0000
Bone  -0.9669  -0.2482   0.0585  1.2532
            -0.2473   0.9687   0.0224  0.1599
            -0.0622   0.0072  -0.9980  9.4446
             0.0000   0.0000   0.0000  1.0000
spine_002  -1.0000  -0.0000  -0.0000  -0.0000
            -0.0000   0.0124   0.9999  -0.6830
             0.0000   0.9999  -0.0124   7.4731
             0.0000   0.0000   0.0000   1.0000
spine_003  -1.0000  -0.0000  -0.0000  -0.0000
            -0.0000  -0.0016   1.0000  -0.6510
            -0.0000   1.0000   0.0016  10.0605
             0.0000   0.0000   0.0000   1.0000
spine_004  -1.0000  -0.0000  -0.0000  -0.0000
            -0.0000   0.2370   0.9715  -0.6530
             0.0000   0.9715  -0.2370  11.3841
             0.0000   0.0000   0.0000   1.0000
spine_006  -1.0000  -0.0000  -0.0000  -0.0000
            -0.0000   0.0270   0.9996  -0.3822
             0.0000   0.9996  -0.0270  12.2231
             0.0000   0.0000   0.0000   1.0000
upper_arm_L   0.9979   0.0635  0.0134  -1.3895
            -0.0645   0.9463  0.3168  -0.7780
             0.0075  -0.3170  0.9484  10.7858
             0.0000   0.0000  0.0000   1.0000
forearm_L   0.5378   0.8413  0.0542  -1.2268
            -0.8416   0.5321  0.0923   1.6460
             0.0488  -0.0952  0.9943   9.9739
             0.0000   0.0000  0.0000   1.0000
hand_L  0.0366   0.8624  -0.5049  0.1357
            0.8842   0.2075   0.4185  2.5078
            0.4657  -0.4617  -0.7549  9.8196
            0.0000   0.0000   0.0000  1.0000
thumb_01_L   0.4582  0.7946   0.3983  0.3423
            -0.1579  0.5137  -0.8433  2.8837
            -0.8747  0.3235   0.3609  9.7961
             0.0000  0.0000   0.0000  1.0000
thumb_02_L  0.1981   0.4834   0.8527  0.5178
            0.9759  -0.1786  -0.1255  2.9971
            0.0917   0.8570  -0.5071  9.8675
            0.0000   0.0000   0.0000  1.0000
palm_03_L   0.2439  0.9221  -0.3004  0.6494
            -0.9467  0.2936   0.1326  2.6444
             0.2105  0.2520   0.9446  9.5861
             0.0000  0.0000   0.0000  1.0000
f_ring_01_L   0.2480  0.7132  -0.6556  0.9799
            -0.9620  0.2613  -0.0796  2.7449
             0.1145  0.6504   0.7509  9.6820
             0.0000  0.0000   0.0000  1.0000
upper_arm_R   0.6182   0.4542  0.6415   1.4343
            -0.7860   0.3642  0.4996  -0.7678
            -0.0067  -0.8131  0.5821  10.7906
             0.0000   0.0000  0.0000   1.0000
forearm_R   0.6648  -0.6661  0.3382  2.6299
             0.7000   0.7135  0.0292  0.1908
            -0.2608   0.2173  0.9406  8.6502
             0.0000   0.0000  0.0000  1.0000
hand_R   0.2299  -0.6637  0.7118  1.6784
             0.3605   0.7375  0.5712  1.2101
            -0.9040   0.1252  0.4088  8.9607
             0.0000   0.0000  0.0000  1.0000
thumb_01_R  -0.9804  -0.1145   0.1601  1.3912
            -0.0726   0.9664   0.2467  1.3931
            -0.1829   0.2302  -0.9558  9.3331
             0.0000   0.0000   0.0000  1.0000
thumb_02_R  -0.1475  -0.9072  -0.3940  1.3639
            -0.9232   0.2692  -0.2741  1.6238
             0.3548   0.3233  -0.8773  9.3880
             0.0000   0.0000   0.0000  1.0000
palm_03_R  0.2469  -0.9483  -0.1992  1.2148
            0.1455   0.2396  -0.9599  1.7258
            0.9581   0.2080   0.1971  9.0510
            0.0000   0.0000   0.0000  1.0000
f_ring_01_R   0.1303   0.0174   0.9913  0.8741
            -0.2011  -0.9786   0.0436  1.8129
             0.9709  -0.2050  -0.1241  9.1195
             0.0000   0.0000   0.0000  1.0000
thigh_L  -0.9995  -0.0312   0.0057  -0.6511
            -0.0186   0.4324  -0.9015  -0.7399
             0.0256  -0.9011  -0.4328   7.4064
             0.0000   0.0000   0.0000   1.0000
shin_L  -0.9986   0.0520   0.0015  -0.7870
            -0.0411  -0.7720  -0.6343   1.1455
            -0.0319  -0.6335   0.7731   3.4774
             0.0000   0.0000   0.0000   1.0000
foot_L  -0.9978  -0.0549   0.0367  -0.6498
            -0.0580   0.4645  -0.8837  -0.8908
             0.0314  -0.8839  -0.4667   1.8063
             0.0000   0.0000   0.0000   1.0000
toe_L   0.9999   0.0018  0.0112  -0.7114
            -0.0084   0.7842  0.6205  -0.3688
            -0.0077  -0.6206  0.7841   0.8132
             0.0000   0.0000  0.0000   1.0000
heel_02_L   0.0018  -0.9999  0.0112  -0.4516
             0.7842   0.0084  0.6205  -1.2866
            -0.6206   0.0077  0.7841   1.6341
             0.0000   0.0000  0.0000   1.0000
thigh_R  -0.9993   0.0343   0.0167   0.6499
            -0.0076   0.2507  -0.9680  -0.7398
            -0.0374  -0.9675  -0.2502   7.4064
             0.0000   0.0000   0.0000   1.0000
shin_R  -0.9987  -0.0507   0.0052  0.7996
            -0.0016  -0.0704  -0.9975  0.3536
             0.0509  -0.9962   0.0702  3.1864
             0.0000   0.0000   0.0000  1.0000
foot_R  -0.9986  -0.0192  -0.0494  0.6660
             0.0038   0.9041  -0.4272  0.1681
             0.0529  -0.4268  -0.9028  0.5592
             0.0000   0.0000   0.0000  1.0000
toe_R   1.0000  -0.0027  0.0030  0.6444
             0.0026   0.9997  0.0230  1.1828
            -0.0031  -0.0230  0.9997  0.0802
             0.0000   0.0000  0.0000  1.0000
heel_02_R   0.0027   1.0000  0.0030   0.3868
            -0.9997   0.0026  0.0230  -0.0444
             0.0230  -0.0031  0.9997   0.1864
             0.0000   0.0000  0.0000   1.0000
Bone  -0.9669  -0.2482   0.0585  1.2532
            -0.2473   0.9687   0.0224  0.1599
            -0.0622   0.0072  -0.9980  9.4446
             0.0000   0.0000   0.0000  1.0000
spine_002  -1.0000  -0.0000  -0.0000  -0.0000
            -0.0000   0.0124   0.9999  -0.6830
             0.0000   0.9999  -0.0124   7.4731
             0.0000   0.0000   0.0000   1.0000
spine_003  -1.0000  -0.0000  -0.0000  -0.0000
            -0.0000  -0.0016   1.0000  -0.6510
            -0.0000   1.0000   0.0016  10.0605
             0.0000   0.0000   0.0000   1.0000
spine_004  -1.0000  -0.0000  -0.0000  -0.0000
            -0.0000   0.2370   0.9715  -0.6530
             0.0000   0.9715  -0.2370  11.3841
             0.0000   0.0000   0.0000   1.0000
spine_006  -1.0000  -0.0000  -0.0000  -0.0000
            -0.0000   0.0270   0.9996  -0.3822
             0.0000   0.9996  -0.0270  12.2231
             0.0000   0.0000   0.0000   1.0000
upper_arm_L   0.9979   0.0635  0.0134  -1.3895
            -0.0645   0.9463  0.3168  -0.7780
             0.0075  -0.3170  0.9484  10.7858
             0.0000   0.0000  0.0000   1.0000
forearm_L   0.5378   0.8413  0.0542  -1.2268
            -0.8416   0.5321  0.0923   1.6460
             0.0488  -0.0952  0.9943   9.9739
             0.0000   0.0000  0.0000   1.0000
hand_L  0.0366   0.8624  -0.5049  0.1357
            0.8842   0.2075   0.4185  2.5078
            0.4657  -0.4617  -0.7549  9.8196
            0.0000   0.0000   0.0000  1.0000
thumb_01_L   0.4582  0.7946   0.3983  0.3423
            -0.1579  0.5137  -0.8433  2.8837
            -0.8747  0.3235   0.3609  9.7961
             0.0000  0.0000   0.0000  1.0000
thumb_02_L  0.1981   0.4834   0.8527  0.5178
            0.9759  -0.1786  -0.1255  2.9971
            0.0917   0.8570  -0.5071  9.8675
            0.0000   0.0000   0.0000  1.0000
palm_03_L   0.2439  0.9221  -0.3004  0.6494
            -0.9467  0.2936   0.1326  2.6444
             0.2105  0.2520   0.9446  9.5861
             0.0000  0.0000   0.0000  1.0000
f_ring_01_L   0.2480  0.7132  -0.6556  0.9799
            -0.9620  0.2613  -0.0796  2.7449
             0.1145  0.6504   0.7509  9.6820
             0.0000  0.0000   0.0000  1.0000
upper_arm_R   0.6182   0.4542  0.6415   1.4343
            -0.7860   0.3642  0.4996  -0.7678
            -0.0067  -0.8131  0.5821  10.7906
             0.0000   0.0000  0.0000   1.0000
forearm_R   0.6648  -0.6661  0.3382  2.6299
             0.7000   0.7135  0.0292  0.1908
            -0.2608   0.2173  0.9406  8.6502
             0.0000   0.0000  0.0000  1.0000
hand_R   0.2299  -0.6637  0.7118  1.6784
             0.3605   0.7375  0.5712  1.2101
            -0.9040   0.1252  0.4088  8.9607
             0.0000   0.0000  0.0000  1.0000
thumb_01_R  -0.9804  -0.1145   0.1601  1.3912
            -0.0726   0.9664   0.2467  1.3931
            -0.1829   0.2302  -0.9558  9.3331
             0.0000   0.0000   0.0000  1.0000
thumb_02_R  -0.1475  -0.9072  -0.3940  1.3639
            -0.9232   0.2692  -0.2741  1.6238
             0.3548   0.3233  -0.8773  9.3880
             0.0000   0.0000   0.0000  1.0000
palm_03_R  0.2469  -0.9483  -0.1992  1.2148
            0.1455   0.2396  -0.9599  1.7258
            0.9581   0.2080   0.1971  9.0510
            0.0000   0.0000   0.0000  1.0000
f_ring_01_R   0.1303   0.0174   0.9913  0.8741
            -0.2011  -0.9786   0.0436  1.8129
             0.9709  -0.2050  -0.1241  9.1195
             0.0000   0.0000   0.0000  1.0000
thigh_L  -0.9998  -0.0220  -0.0008  -0.6504
             0.0031  -0.1027  -0.9947  -0.7398
             0.0218  -0.9945   0.1027   7.3580
             0.0000   0.0000   0.0000   1.0000
shin_L  -0.9986   0.0516  -0.0077  -0.7465
            -0.0325  -0.7295  -0.6833  -1.1874
            -0.0409  -0.6821   0.7301   3.0221
             0.0000   0.0000   0.0000   1.0000
foot_L  -0.9992  -0.0374   0.0138  -0.6103
            -0.0380   0.7872  -0.6155  -3.1115
             0.0122  -0.6156  -0.7880   1.2229
             0.0000   0.0000   0.0000   1.0000
toe_L   0.9993   0.0270  0.0251  -0.6524
            -0.0324   0.9692  0.2442  -2.2270
            -0.0177  -0.2448  0.9694   0.5312
             0.0000   0.0000  0.0000   1.0000
heel_02_L   0.0270  -0.9993  0.0251  -0.4227
             0.9692   0.0324  0.2442  -3.4074
            -0.2448   0.0177  0.9694   0.9022
             0.0000   0.0000  0.0000   1.0000
thigh_R  -0.9994   0.0304   0.0185   0.6506
            -0.0031   0.4443  -0.8959  -0.7398
            -0.0355  -0.8954  -0.4439   7.3580
             0.0000   0.0000   0.0000   1.0000
shin_R  -0.9986  -0.0527   0.0082  0.7834
            -0.0063  -0.0364  -0.9993  1.1982
             0.0530  -0.9979   0.0361  3.4525
             0.0000   0.0000   0.0000  1.0000
foot_R  -0.9985  -0.0228  -0.0502  0.6443
            -0.0010   0.9181  -0.3963  1.1021
             0.0551  -0.3956  -0.9168  0.8208
             0.0000   0.0000   0.0000  1.0000
toe_R   1.0000  -0.0056   0.0052  0.6188
             0.0057   0.9999  -0.0111  2.1325
            -0.0052   0.0112   0.9999  0.3768
             0.0000   0.0000   0.0000  1.0000
heel_02_R   0.0056   1.0000   0.0052  0.3649
            -0.9999   0.0057  -0.0111  0.9016
            -0.0112  -0.0052   0.9999  0.4416
             0.0000   0.0000   0.0000  1.0000
Bone  -0.9669  -0.2482   0.0585  1.2532
            -0.2473   0.9687   0.0224  0.1599
            -0.0622   0.0072  -0.9980  9.4446
             0.0000   0.0000   0.0000  1.0000
spine_002  -1.0000  -0.0000  -0.0000  -0.0000
            -0.0000   0.0124   0.9999  -0.6830
             0.0000   0.9999  -0.0124   7.4731
             0.0000   0.0000   0.0000   1.0000
spine_003  -1.0000  -0.0000  -0.0000  -0.0000
            -0.0000  -0.0016   1.0000  -0.6510
            -0.0000   1.0000   0.0016  10.0605
             0.0000   0.0000   0.0000   1.0000
spine_004  -1.0000  -0.0000  -0.0000  -0.0000
            -0.0000   0.2370   0.9715  -0.6530
             0.0000   0.9715  -0.2370  11.3841
             0.0000   0.0000   0.0000   1.0000
spine_006  -1.0000  -0.0000  -0.0000  -0.0000
            -0.0000   0.0270   0.9996  -0.3822
             0.0000   0.9996  -0.0270  12.2231
             0.0000   0.0000   0.0000   1.0000
upper_arm_L   0.9979   0.0635  0.0134  -1.3895
            -0.0645   0.9463  0.3168  -0.7780
             0.0075  -0.3170  0.9484  10.7858
             0.0000   0.0000  0.0000   1.0000
forearm_L   0.5378   0.8413  0.0542  -1.2268
            -0.8416   0.5321  0.0923   1.6460
             0.0488  -0.0952  0.9943   9.9739
             0.0000   0.0000  0.0000   1.0000
hand_L  0.0366   0.8624  -0.5049  0.1357
            0.8842   0.2075   0.4185  2.5078
            0.4657  -0.4617  -0.7549  9.8196
            0.0000   0.0000   0.0000  1.0000
thumb_01_L   0.4582  0.7946   0.3983  0.3423
            -0.1579  0.5137  -0.8433  2.8837
            -0.8747  0.3235   0.3609  9.7961
             0.0000  0.0000   0.0000  1.0000
thumb_02_L  0.1981   0.4834   0.8527  0.5178
            0.9759  -0.1786  -0.1255  2.9971
            0.0917   0.8570  -0.5071  9.8675
            0.0000   0.0000   0.0000  1.0000
palm_03_L   0.2439  0.9221  -0.3004  0.6494
            -0.9467  0.2936   0.1326  2.6444
             0.2105  0.2520   0.9446  9.5861
             0.0000  0.0000   0.0000  1.0000
f_ring_01_L   0.2480  0.7132  -0.6556  0.9799
            -0.9620  0.2613  -0.0796  2.7449
             0.1145  0.6504   0.7509  9.6820
             0.0000  0.0000   0.0000  1.0000
upper_arm_R   0.6182   0.4542  0.6415   1.4343
            -0.7860   0.3642  0.4996  -0.7678
            -0.0067  -0.8131  0.5821  10.7906
             0.0000   0.0000  0.0000   1.0000
forearm_R   0.6648  -0.6661  0.3382  2.6299
             0.7000   0.7135  0.0292  0.1908
            -0.2608   0.2173  0.9406  8.6502
             0.0000   0.0000  0.0000  1.0000
hand_R   0.2299  -0.6637  0.7118  1.6784
             0.3605   0.7375  0.5712  1.2101
            -0.9040   0.1252  0.4088  8.9607
             0.0000   0.0000  0.0000  1.0000
thumb_01_R  -0.9804  -0.1145   0.1601  1.3912
            -0.0726   0.9664   0.2467  1.3931
            -0.1829   0.2302  -0.9558  9.3331
             0.0000   0.0000   0.0000  1.0000
thumb_02_R  -0.1475  -0.9072  -0.3940  1.3639
            -0.9232   0.2692  -0.2741  1.6238
             0.3548   0.3233  -0.8773  9.3880
             0.0000   0.0000   0.0000  1.0000
palm_03_R  0.2469  -0.9483  -0.1992  1.2148
            0.1455   0.2396  -0.9599  1.7258
            0.9581   0.2080   0.1971  9.0510
            0.0000   0.0000   0.0000  1.0000
f_ring_01_R   0.1303   0.0174   0.9913  0.8741
            -0.2011  -0.9786   0.0436  1.8129
             0.9709  -0.2050  -0.1241  9.1195
             0.0000   0.0000   0.0000  1.0000
thigh_L  -0.9998  -0.0210  -0.0029  -0.6504
             0.0089  -0.2942  -0.9557  -0.7400
             0.0192  -0.9555   0.2943   7.3564
             0.0000   0.0000   0.0000   1.0000
shin_L  -0.9985   0.0538  -0.0075  -0.7421
            -0.0299  -0.6606  -0.7502  -2.0225
            -0.0453  -0.7488   0.6612   3.1903
             0.0000   0.0000   0.0000   1.0000
foot_L  -0.9984  -0.0444   0.0358  -0.6003
            -0.0570   0.7972  -0.6010  -3.7649
            -0.0019  -0.6021  -0.7984   1.2151
             0.0000   0.0000   0.0000   1.0000
toe_L   0.9999   0.0118  0.0078  -0.6502
            -0.0132   0.9737  0.2274  -2.8692
            -0.0049  -0.2274  0.9738   0.5386
             0.0000   0.0000  0.0000   1.0000
heel_02_L   0.0118  -0.9999  0.0078  -0.4029
             0.9737   0.0132  0.2274  -4.0515
            -0.2274   0.0049  0.9738   0.8919
             0.0000   0.0000  0.0000   1.0000
thigh_R  -0.9993   0.0345   0.0161   0.6506
             0.0004   0.4324  -0.9017  -0.7400
            -0.0380  -0.9010  -0.4321   7.3564
             0.0000   0.0000   0.0000   1.0000
shin_R  -0.9986  -0.0520   0.0046  0.8009
            -0.0208   0.3150  -0.9489  1.1462
             0.0479  -0.9477  -0.3156  3.4262
             0.0000   0.0000   0.0000  1.0000
foot_R  -0.9985  -0.0191  -0.0509  0.6637
            -0.0175   0.9994  -0.0314  1.9768
             0.0515  -0.0305  -0.9982  0.9271
             0.0000   0.0000   0.0000  1.0000
toe_R   1.0000  -0.0020   0.0044  0.6423
             0.0035   0.9259  -0.3779  3.0984
            -0.0033   0.3779   0.9259  0.8929
             0.0000   0.0000   0.0000  1.0000
heel_02_R   0.0020   1.0000   0.0044  0.3839
            -0.9259   0.0035  -0.3779  1.9308
            -0.3779  -0.0033   0.9259  0.5009
             0.0000   0.0000   0.0000  1.0000
Bone  -0.9669  -0.2482   0.0585  1.2532
            -0.2473   0.9687   0.0224  0.1599
            -0.0622   0.0072  -0.9980  9.4446
             0.0000   0.0000   0.0000  1.0000
spine_002  -1.0000  -0.0000  -0.0000  -0.0000
            -0.0000   0.0124   0.9999  -0.6830
             0.0000   0.9999  -0.0124   7.4731
             0.0000   0.0000   0.0000   1.0000
spine_003  -1.0000  -0.0000  -0.0000  -0.0000
            -0.0000  -0.0016   1.0000  -0.6510
            -0.0000   1.0000   0.0016  10.0605
             0.0000   0.0000   0.0000   1.0000
spine_004  -1.0000  -0.0000  -0.0000  -0.0000
            -0.0000   0.2370   0.9715  -0.6530
             0.0000   0.9715  -0.2370  11.3841
             0.0000   0.0000   0.0000   1.0000
spine_006  -1.0000  -0.0000  -0.0000  -0.0000
            -0.0000   0.0270   0.9996  -0.3822
             0.0000   0.9996  -0.0270  12.2231
             0.0000   0.0000   0.0000   1.0000
upper_arm_L   0.9979   0.0635  0.0134  -1.3895
            -0.0645   0.9463  0.3168  -0.7780
             0.0075  -0.3170  0.9484  10.7858
             0.0000   0.0000  0.0000   1.0000
forearm_L   0.5378   0.8413  0.0542  -1.2268
            -0.8416   0.5321  0.0923   1.6460
             0.0488  -0.0952  0.9943   9.9739
             0.0000   0.0000  0.0000   1.0000
hand_L  0.0366   0.8624  -0.5049  0.1357
            0.8842   0.2075   0.4185  2.5078
            0.4657  -0.4617  -0.7549  9.8196
            0.0000   0.0000   0.0000  1.0000
thumb_01_L   0.4582  0.7946   0.3983  0.3423
            -0.1579  0.5137  -0.8433  2.8837
            -0.8747  0.3235   0.3609  9.7961
             0.0000  0.0000   0.0000  1.0000
thumb_02_L  0.1981   0.4834   0.8527  0.5178
            0.9759  -0.1786  -0.1255  2.9971
            0.0917   0.8570  -0.5071  9.8675
            0.0000   0.0000   0.0000  1.0000
palm_03_L   0.2439  0.9221  -0.3004  0.6494
            -0.9467  0.2936   0.1326  2.6444
             0.2105  0.2520   0.9446  9.5861
             0.0000  0.0000   0.0000  1.0000
f_ring_01_L   0.2480  0.7132  -0.6556  0.9799
            -0.9620  0.2613  -0.0796  2.7449
             0.1145  0.6504   0.7509  9.6820
             0.0000  0.0000   0.0000  1.0000
upper_arm_R   0.6182   0.4542  0.6415   1.4343
            -0.7860   0.3642  0.4996  -0.7678
            -0.0067  -0.8131  0.5821  10.7906
             0.0000   0.0000  0.0000   1.0000
forearm_R   0.6648  -0.6661  0.3382  2.6299
             0.7000   0.7135  0.0292  0.1908
            -0.2608   0.2173  0.9406  8.6502
             0.0000   0.0000  0.0000  1.0000
hand_R   0.2299  -0.6637  0.7118  1.6784
             0.3605   0.7375  0.5712  1.2101
            -0.9040   0.1252  0.4088  8.9607
             0.0000   0.0000  0.0000  1.0000
thumb_01_R  -0.9804  -0.1145   0.1601  1.3912
            -0.0726   0.9664   0.2467  1.3931
            -0.1829   0.2302  -0.9558  9.3331
             0.0000   0.0000   0.0000  1.0000
thumb_02_R  -0.1475  -0.9072  -0.3940  1.3639
            -0.9232   0.2692  -0.2741  1.6238
             0.3548   0.3233  -0.8773  9.3880
             0.0000   0.0000   0.0000  1.0000
palm_03_R  0.2469  -0.9483  -0.1992  1.2148
            0.1455   0.2396  -0.9599  1.7258
            0.9581   0.2080   0.1971  9.0510
            0.0000   0.0000   0.0000  1.0000
f_ring_01_R   0.1303   0.0174   0.9913  0.8741
            -0.2011  -0.9786   0.0436  1.8129
             0.9709  -0.2050  -0.1241  9.1195
             0.0000   0.0000   0.0000  1.0000
thigh_L  -0.9997  -0.0237   0.0010  -0.6506
            -0.0026   0.0665  -0.9978  -0.7398
             0.0236  -0.9975  -0.0665   7.4064
             0.0000   0.0000   0.0000   1.0000
shin_L  -0.9986   0.0526  -0.0023  -0.7539
            -0.0097  -0.2281  -0.9736  -0.4500
            -0.0517  -0.9722   0.2283   3.0573
             0.0000   0.0000   0.0000   1.0000
foot_L  -0.9975  -0.0520   0.0477  -0.6152
            -0.0670   0.9096  -0.4101  -1.0516
            -0.0221  -0.4122  -0.9108   0.4928
             0.0000   0.0000   0.0000   1.0000
toe_L   1.0000   0.0000  -0.0000  -0.6736
            -0.0000   1.0000   0.0075  -0.0296
             0.0000  -0.0075   1.0000   0.0296
             0.0000   0.0000   0.0000   1.0000
heel_02_L   0.0000  -1.0000  -0.0000  -0.4124
             1.0000   0.0000   0.0075  -1.2576
            -0.0075  -0.0000   1.0000   0.1159
             0.0000   0.0000   0.0000   1.0000
thigh_R  -0.9992   0.0382   0.0137   0.6505
             0.0135   0.6320  -0.7749  -0.7398
            -0.0382  -0.7740  -0.6320   7.4064
             0.0000   0.0000   0.0000   1.0000
shin_R  -0.9989  -0.0478   0.0023  0.8170
             0.0147  -0.3540  -0.9351  2.0168
             0.0455  -0.9340   0.3543  4.0301
             0.0000   0.0000   0.0000  1.0000
foot_R  -0.9987  -0.0155  -0.0478  0.6909
             0.0187   0.7681  -0.6400  1.0834
             0.0466  -0.6401  -0.7669  1.5669
             0.0000   0.0000   0.0000  1.0000
toe_R   1.0000  -0.0000  0.0000  0.6735
             0.0000   0.9620  0.2732  1.9454
            -0.0000  -0.2732  0.9620  0.8486
             0.0000   0.0000  0.0000  1.0000
heel_02_R   0.0000   1.0000  0.0000  0.4123
            -0.9620   0.0000  0.2732  0.7846
             0.2732  -0.0000  0.9620  1.2584
             0.0000   0.0000  0.0000  1.0000
Bone  -0.9669  -0.2482   0.0585  1.2532
            -0.2473   0.9687   0.0224  0.1599
            -0.0622   0.0072  -0.9980  9.4446
             0.0000   0.0000   0.0000  1.0000
spine_002  -1.0000  -0.0000  -0.0000  -0.0000
            -0.0000   0.0124   0.9999  -0.6830
             0.0000   0.9999  -0.0124   7.4731
             0.0000   0.0000   0.0000   1.0000
spine_003  -1.0000  -0.0000  -0.0000  -0.0000
            -0.0000  -0.0016   1.0000  -0.6510
            -0.0000   1.0000   0.0016  10.0605
             0.0000   0.0000   0.0000   1.0000
spine_004  -1.0000  -0.0000  -0.0000  -0.0000
            -0.0000   0.2370   0.9715  -0.6530
             0.0000   0.9715  -0.2370  11.3841
             0.0000   0.0000   0.0000   1.0000
spine_006  -1.0000  -0.0000  -0.0000  -0.0000
            -0.0000   0.0270   0.9996  -0.3822
             0.0000   0.9996  -0.0270  12.2231
             0.0000   0.0000   0.0000   1.0000
upper_arm_L   0.9979   0.0635  0.0134  -1.3895
            -0.0645   0.9463  0.3168  -0.7780
             0.0075  -0.3170  0.9484  10.7858
             0.0000   0.0000  0.0000   1.0000
forearm_L   0.5378   0.8413  0.0542  -1.2268
            -0.8416   0.5321  0.0923   1.6460
             0.0488  -0.0952  0.9943   9.9739
             0.0000   0.0000  0.0000   1.0000
hand_L  0.0366   0.8624  -0.5049  0.1357
            0.8842   0.2075   0.4185  2.5078
            0.4657  -0.4617  -0.7549  9.8196
            0.0000   0.0000   0.0000  1.0000
thumb_01_L   0.4582  0.7946   0.3983  0.3423
            -0.1579  0.5137  -0.8433  2.8837
            -0.8747  0.3235   0.3609  9.7961
             0.0000  0.0000   0.0000  1.0000
thumb_02_L  0.1981   0.4834   0.8527  0.5178
            0.9759  -0.1786  -0.1255  2.9971
            0.0917   0.8570  -0.5071  9.8675
            0.0000   0.0000   0.0000  1.0000
palm_03_L   0.2439  0.9221  -0.3004  0.6494
            -0.9467  0.2936   0.1326  2.6444
             0.2105  0.2520   0.9446  9.5861
             0.0000  0.0000   0.0000  1.0000
f_ring_01_L   0.2480  0.7132  -0.6556  0.9799
            -0.9620  0.2613  -0.0796  2.7449
             0.1145  0.6504   0.7509  9.6820
             0.0000  0.0000   0.0000  1.0000
upper_arm_R   0.6182   0.4542  0.6415   1.4343
            -0.7860   0.3642  0.4996  -0.7678
            -0.0067  -0.8131  0.5821  10.7906
             0.0000   0.0000  0.0000   1.0000
forearm_R   0.6648  -0.6661  0.3382  2.6299
             0.7000   0.7135  0.0292  0.1908
            -0.2608   0.2173  0.9406  8.6502
             0.0000   0.0000  0.0000  1.0000
hand_R   0.2299  -0.6637  0.7118  1.6784
             0.3605   0.7375  0.5712  1.2101
            -0.9040   0.1252  0.4088  8.9607
             0.0000   0.0000  0.0000  1.0000
thumb_01_R  -0.9804  -0.1145   0.1601  1.3912
            -0.0726   0.9664   0.2467  1.3931
            -0.1829   0.2302  -0.9558  9.3331
             0.0000   0.0000   0.0000  1.0000
thumb_02_R  -0.1475  -0.9072  -0.3940  1.3639
            -0.9232   0.2692  -0.2741  1.6238
             0.3548   0.3233  -0.8773  9.3880
             0.0000   0.0000   0.0000  1.0000
palm_03_R  0.2469  -0.9483  -0.1992  1.2148
