10
spine_002  -1.0000  -0.0000  -0.0000  -0.0000
            -0.0000   0.0960   0.9954  -0.6833
             0.0000   0.9954  -0.0960   7.4944
             0.0000   0.0000   0.0000   1.0000
spine_003  -1.0000  -0.0000  -0.0000  -0.0000
            -0.0000   0.0821   0.9966  -0.4348
             0.0000   0.9966  -0.0821  10.0700
             0.0000   0.0000   0.0000   1.0000
spine_004  -1.0000  -0.0000  -0.0000  -0.0000
            -0.0000   0.3175   0.9483  -0.3261
             0.0000   0.9483  -0.3175  11.3891
             0.0000   0.0000   0.0000   1.0000
spine_006  -1.0000  -0.0000  -0.0000  -0.0000
            -0.0000   0.1106   0.9939   0.0140
             0.0000   0.9939  -0.1106  12.2026
             0.0000   0.0000   0.0000   1.0000
face  -1.0000  -0.0000  -0.0000  -0.0000
            -0.0000   0.1106   0.9939   0.0140
             0.0000   0.9939  -0.1106  12.2026
             0.0000   0.0000   0.0000   1.0000
upper_arm_L   0.9979   0.0635  0.0134  -1.3895
            -0.0642   0.9363  0.3453  -0.5031
             0.0094  -0.3454  0.9384  10.8024
             0.0000   0.0000  0.0000   1.0000
forearm_L   0.5378   0.8413  0.0542  -1.2268
            -0.8398   0.5290  0.1223   1.8953
             0.0742  -0.1112  0.9910   9.9176
             0.0000   0.0000  0.0000   1.0000
hand_L  0.0366   0.8624  -0.5049  0.1357
            0.8978   0.1935   0.3955  2.7520
            0.4388  -0.4678  -0.7672  9.7374
            0.0000   0.0000   0.0000  1.0000
thumb_01_L   0.4582  0.7946   0.3983  0.3423
            -0.1843  0.5233  -0.8320  3.1270
            -0.8696  0.3078   0.3862  9.7025
             0.0000  0.0000   0.0000  1.0000
thumb_02_L  0.1981   0.4834   0.8527  0.5178
            0.9782  -0.1527  -0.1408  3.2425
            0.0622   0.8620  -0.5031  9.7705
            0.0000   0.0000   0.0000  1.0000
palm_03_L   0.2439  0.9221  -0.3004  0.6494
            -0.9399  0.3011   0.1611  2.8815
             0.2390  0.2430   0.9401  9.4999
             0.0000  0.0000   0.0000  1.0000
f_ring_01_L   0.2480  0.7132  -0.6556  0.9799
            -0.9581  0.2808  -0.0569  2.9848
             0.1435  0.6422   0.7530  9.5927
             0.0000  0.0000   0.0000  1.0000
upper_arm_R   0.6182   0.4542  0.6415   1.4343
            -0.7858   0.3395  0.5169  -0.4926
             0.0170  -0.8237  0.5668  10.8063
             0.0000   0.0000  0.0000   1.0000
forearm_R   0.6648  -0.6661  0.3382  2.6299
             0.6918   0.7198  0.0576  0.4010
            -0.2818   0.1957  0.9393  8.6380
             0.0000   0.0000  0.0000  1.0000
hand_R   0.2299  -0.6637  0.7118  1.6784
             0.3330   0.7409  0.5832  1.4291
            -0.9145   0.1029  0.3914  8.9175
             0.0000   0.0000  0.0000  1.0000
thumb_01_R  -0.9804  -0.1145   0.1601  1.3912
            -0.0780   0.9729   0.2177  1.6233
            -0.1807   0.2010  -0.9628  9.2842
             0.0000   0.0000   0.0000  1.0000
thumb_02_R  -0.1475  -0.9072  -0.3940  1.3639
            -0.9121   0.2789  -0.3005  1.8555
             0.3825   0.3151  -0.8686  9.3322
             0.0000   0.0000   0.0000  1.0000
palm_03_R  0.2469  -0.9483  -0.1992  1.2148
            0.1743   0.2457  -0.9535  1.9473
            0.9532   0.2007   0.2260  8.9922
            0.0000   0.0000   0.0000  1.0000
f_ring_01_R   0.1303   0.0174   0.9913  0.8741
            -0.1717  -0.9843   0.0398  2.0364
             0.9765  -0.1754  -0.1253  9.0581
             0.0000   0.0000   0.0000  1.0000
thigh_L  -0.9997  -0.0237   0.0010  -0.6506
            -0.0099   0.3793  -0.9252  -0.7398
             0.0215  -0.9250  -0.3794   7.3759
             0.0000   0.0000   0.0000   1.0000
shin_L  -0.9986   0.0526  -0.0023  -0.7539
            -0.0027  -0.0951  -0.9955   0.9139
            -0.0526  -0.9941   0.0952   3.3430
             0.0000   0.0000   0.0000   1.0000
foot_L  -0.9975  -0.0520   0.0477  -0.6152
            -0.0671   0.9086  -0.4122   0.6629
            -0.0219  -0.4144  -0.9098   0.7209
             0.0000   0.0000   0.0000   1.0000
toe_L   1.0000   0.0000  -0.0000  -0.6736
            -0.0000   1.0000   0.0098   1.6839
             0.0000  -0.0098   1.0000   0.2553
             0.0000   0.0000   0.0000   1.0000
heel_02_L  -0.0000  -1.0000  -0.0000  -0.4124
             1.0000   0.0000   0.0098   0.4561
            -0.0098  -0.0000   1.0000   0.3445
             0.0000   0.0000   0.0000   1.0000
thigh_R  -0.9992   0.0382   0.0137   0.6505
            -0.0168  -0.0808  -0.9966  -0.7398
            -0.0369  -0.9960   0.0813   7.3759
             0.0000   0.0000   0.0000   1.0000
shin_R  -0.9989  -0.0478   0.0023   0.8170
             0.0189  -0.4379  -0.8988  -1.0921
             0.0440  -0.8977   0.4383   3.0314
             0.0000   0.0000   0.0000   1.0000
foot_R  -0.9987  -0.0155  -0.0478   0.6909
             0.0052   0.9138  -0.4062  -2.2470
             0.0499  -0.4060  -0.9125   0.6639
             0.0000   0.0000   0.0000   1.0000
toe_R   1.0000  -0.0000  0.0000   0.6735
             0.0000   1.0000  0.0000  -1.2215
            -0.0000  -0.0000  1.0000   0.2083
             0.0000   0.0000  0.0000   1.0000
heel_02_R   0.0000   1.0000  0.0000   0.4123
            -1.0000   0.0000  0.0000  -2.4501
             0.0000  -0.0000  1.0000   0.2855
             0.0000   0.0000  0.0000   1.0000
Bone  -0.9669  -0.2482   0.0585  1.2532
            -0.2491   0.9685  -0.0078  0.3266
            -0.0547  -0.0221  -0.9983  9.3905
             0.0000   0.0000   0.0000  1.0000

spine_002  -1.0000  -0.0000  -0.0000  -0.0000
            -0.0000   0.1012   0.9949  -0.6832
             0.0000   0.9949  -0.1012   7.4943
             0.0000   0.0000   0.0000   1.0000
spine_003  -1.0000  -0.0000  -0.0000  -0.0000
            -0.0000   0.0873   0.9962  -0.4213
             0.0000   0.9962  -0.0873  10.0686
             0.0000   0.0000   0.0000   1.0000
spine_004  -1.0000  -0.0000  -0.0000  -0.0000
            -0.0000   0.3224   0.9466  -0.3057
             0.0000   0.9466  -0.3224  11.3871
             0.0000   0.0000   0.0000   1.0000
spine_006  -1.0000  -0.0000  -0.0000  -0.0000
            -0.0000   0.1158   0.9933   0.0387
             0.0000   0.9933  -0.1158  12.1988
             0.0000   0.0000   0.0000   1.0000
face  -1.0000  -0.0000  -0.0000  -0.0000
            -0.0000   0.1158   0.9933   0.0387
             0.0000   0.9933  -0.1158  12.1988
             0.0000   0.0000   0.0000   1.0000
upper_arm_L   0.9979   0.0635  0.0134  -1.3895
            -0.0641   0.9340  0.3516  -0.4857
             0.0098  -0.3517  0.9361  10.8013
             0.0000   0.0000  0.0000   1.0000
forearm_L   0.5378   0.8413  0.0542  -1.2268
            -0.8393   0.5282  0.1289   1.9067
             0.0799  -0.1148  0.9902   9.9005
             0.0000   0.0000  0.0000   1.0000
hand_L  0.0366   0.8624  -0.5049  0.1357
            0.9008   0.1904   0.3904  2.7621
            0.4328  -0.4691  -0.7699  9.7145
            0.0000   0.0000   0.0000  1.0000
thumb_01_L   0.4582  0.7946   0.3983  0.3423
            -0.1901  0.5253  -0.8294  3.1369
            -0.8683  0.3043   0.3918  9.6771
             0.0000  0.0000   0.0000  1.0000
thumb_02_L  0.1981   0.4834   0.8527  0.5178
            0.9786  -0.1469  -0.1441  3.2529
            0.0556   0.8630  -0.5021  9.7443
            0.0000   0.0000   0.0000  1.0000
palm_03_L   0.2439  0.9221  -0.3004  0.6494
            -0.9383  0.3027   0.1674  2.8901
             0.2453  0.2410   0.9390  9.4761
             0.0000  0.0000   0.0000  1.0000
f_ring_01_L   0.2480  0.7132  -0.6556  0.9799
            -0.9571  0.2851  -0.0518  2.9940
             0.1499  0.6403   0.7533  9.5682
             0.0000  0.0000   0.0000  1.0000
upper_arm_R   0.6182   0.4542  0.6415   1.4343
            -0.7857   0.3339  0.5207  -0.4752
             0.0223  -0.8260  0.5633  10.8053
             0.0000   0.0000  0.0000   1.0000
forearm_R   0.6648  -0.6661  0.3382  2.6299
             0.6899   0.7211  0.0639  0.4038
            -0.2865   0.1908  0.9389  8.6310
             0.0000   0.0000  0.0000  1.0000
hand_R   0.2299  -0.6637  0.7118  1.6784
             0.3268   0.7416  0.5859  1.4338
            -0.9167   0.0979  0.3874  8.9036
             0.0000   0.0000  0.0000  1.0000
thumb_01_R  -0.9804  -0.1145   0.1601  1.3912
            -0.0793   0.9742   0.2112  1.6304
            -0.1801   0.1944  -0.9642  9.2690
             0.0000   0.0000   0.0000  1.0000
thumb_02_R  -0.1475  -0.9072  -0.3940  1.3639
            -0.9095   0.2810  -0.3063  1.8630
             0.3886   0.3132  -0.8665  9.3154
             0.0000   0.0000   0.0000  1.0000
palm_03_R  0.2469  -0.9483  -0.1992  1.2148
            0.1808   0.2471  -0.9520  1.9525
            0.9520   0.1990   0.2324  8.9748
            0.0000   0.0000   0.0000  1.0000
f_ring_01_R   0.1303   0.0174   0.9913  0.8741
            -0.1651  -0.9855   0.0390  2.0420
             0.9776  -0.1688  -0.1256  9.0401
             0.0000   0.0000   0.0000  1.0000
thigh_L  -0.9997  -0.0237   0.0010  -0.6506
            -0.0095   0.3604  -0.9327  -0.7399
             0.0217  -0.9325  -0.3605   7.3758
             0.0000   0.0000   0.0000   1.0000
shin_L  -0.9986   0.0526  -0.0023  -0.7539
            -0.0040  -0.1205  -0.9927   0.8315
            -0.0525  -0.9913   0.1205   3.3101
             0.0000   0.0000   0.0000   1.0000
foot_L  -0.9975  -0.0520   0.0477  -0.6152
            -0.0676   0.8973  -0.4362   0.5138
            -0.0201  -0.4384  -0.8986   0.6953
             0.0000   0.0000   0.0000   1.0000
toe_L   1.0000   0.0000  -0.0000  -0.6736
            -0.0000   0.9993   0.0364   1.5220
             0.0000  -0.0364   0.9993   0.2027
             0.0000   0.0000   0.0000   1.0000
heel_02_L  -0.0000  -1.0000  -0.0000  -0.4124
             0.9993   0.0000   0.0364   0.2970
            -0.0364  -0.0000   0.9993   0.3245
             0.0000   0.0000   0.0000   1.0000
thigh_R  -0.9992   0.0382   0.0137   0.6505
            -0.0164  -0.0701  -0.9974  -0.7399
            -0.0371  -0.9968   0.0707   7.3758
             0.0000   0.0000   0.0000   1.0000
shin_R  -0.9989  -0.0478   0.0023   0.8170
             0.0184  -0.4284  -0.9034  -1.0458
             0.0442  -0.9023   0.4287   3.0278
             0.0000   0.0000   0.0000   1.0000
foot_R  -0.9987  -0.0155  -0.0478   0.6909
             0.0053   0.9135  -0.4069  -2.1754
             0.0499  -0.4066  -0.9122   0.6482
             0.0000   0.0000   0.0000   1.0000
toe_R   1.0000  -0.0000  0.0000   0.6735
             0.0000   1.0000  0.0007  -1.1502
            -0.0000  -0.0007  1.0000   0.1919
             0.0000   0.0000  0.0000   1.0000
heel_02_R   0.0000   1.0000  0.0000   0.4123
            -1.0000   0.0000  0.0007  -2.3788
             0.0007  -0.0000  1.0000   0.2699
             0.0000   0.0000  0.0000   1.0000
Bone  -0.9669  -0.2482   0.0585  1.2532
            -0.2494   0.9683  -0.0145  0.3364
            -0.0530  -0.0286  -0.9982  9.3851
             0.0000   0.0000   0.0000  1.0000

spine_002  -1.0000  -0.0000  -0.0000  -0.0000
            -0.0000   0.1153   0.9933  -0.6831
             0.0000   0.9933  -0.1153   7.4938
             0.0000   0.0000   0.0000   1.0000
spine_003  -1.0000  -0.0000  -0.0000  -0.0000
            -0.0000   0.1015   0.9948  -0.3847
             0.0000   0.9948  -0.1015  10.0641
             0.0000   0.0000   0.0000   1.0000
spine_004  -1.0000  -0.0000  -0.0000  -0.0000
            -0.0000   0.3358   0.9419  -0.2504
             0.0000   0.9419  -0.3358  11.3809
             0.0000   0.0000   0.0000   1.0000
spine_006  -1.0000  -0.0000  -0.0000  -0.0000
            -0.0000   0.1298   0.9915   0.1054
             0.0000   0.9915  -0.1298  12.1876
             0.0000   0.0000   0.0000   1.0000
face  -1.0000  -0.0000  -0.0000  -0.0000
            -0.0000   0.1298   0.9915   0.1054
             0.0000   0.9915  -0.1298  12.1876
             0.0000   0.0000   0.0000   1.0000
upper_arm_L   0.9979   0.0635  0.0134  -1.3895
            -0.0640   0.9274  0.3686  -0.4386
             0.0110  -0.3687  0.9295  10.7978
             0.0000   0.0000  0.0000   1.0000
forearm_L   0.5378   0.8413  0.0542  -1.2268
            -0.8377   0.5260  0.1470   1.9370
             0.0952  -0.1244  0.9877   9.8534
             0.0000   0.0000  0.0000   1.0000
hand_L  0.0366   0.8624  -0.5049  0.1357
            0.9085   0.1818   0.3763  2.7889
            0.4163  -0.4725  -0.7769  9.6519
            0.0000   0.0000   0.0000  1.0000
thumb_01_L   0.4582  0.7946   0.3983  0.3423
            -0.2059  0.5308  -0.8221  3.1629
            -0.8647  0.2946   0.4068  9.6076
             0.0000  0.0000   0.0000  1.0000
thumb_02_L  0.1981   0.4834   0.8527  0.5178
            0.9794  -0.1311  -0.1533  3.2801
            0.0377   0.8655  -0.4994  9.6727
            0.0000   0.0000   0.0000  1.0000
palm_03_L   0.2439  0.9221  -0.3004  0.6494
            -0.9336  0.3071   0.1845  2.9125
             0.2624  0.2354   0.9358  9.4112
             0.0000  0.0000   0.0000  1.0000
f_ring_01_L   0.2480  0.7132  -0.6556  0.9799
            -0.9542  0.2968  -0.0381  3.0180
             0.1674  0.6350   0.7542  9.5013
             0.0000  0.0000   0.0000  1.0000
upper_arm_R   0.6182   0.4542  0.6415   1.4343
            -0.7852   0.3188  0.5309  -0.4280
             0.0366  -0.8319  0.5537  10.8015
             0.0000   0.0000  0.0000   1.0000
forearm_R   0.6648  -0.6661  0.3382  2.6299
             0.6846   0.7244  0.0811  0.4112
            -0.2990   0.1776  0.9376  8.6116
             0.0000   0.0000  0.0000  1.0000
hand_R   0.2299  -0.6637  0.7118  1.6784
             0.3101   0.7432  0.5928  1.4460
            -0.9225   0.0844  0.3767  8.8653
             0.0000   0.0000  0.0000  1.0000
thumb_01_R  -0.9804  -0.1145   0.1601  1.3912
            -0.0825   0.9776   0.1936  1.6493
            -0.1787   0.1766  -0.9679  9.2271
             0.0000   0.0000   0.0000  1.0000
thumb_02_R  -0.1475  -0.9072  -0.3940  1.3639
            -0.9023   0.2866  -0.3221  1.8826
             0.4051   0.3080  -0.8608  9.2692
             0.0000   0.0000   0.0000  1.0000
palm_03_R  0.2469  -0.9483  -0.1992  1.2148
            0.1981   0.2507  -0.9476  1.9659
            0.9486   0.1945   0.2498  8.9270
            0.0000   0.0000   0.0000  1.0000
f_ring_01_R   0.1303   0.0174   0.9913  0.8741
            -0.1473  -0.9884   0.0367  2.0566
             0.9805  -0.1508  -0.1263  8.9907
             0.0000   0.0000   0.0000  1.0000
thigh_L  -0.9997  -0.0237   0.0010  -0.6506
            -0.0082   0.3081  -0.9513  -0.7399
             0.0222  -0.9511  -0.3082   7.3753
             0.0000   0.0000   0.0000   1.0000
shin_L  -0.9986   0.0526  -0.0023  -0.7539
            -0.0077  -0.1908  -0.9816   0.6034
            -0.0521  -0.9802   0.1909   3.2287
             0.0000   0.0000   0.0000   1.0000
foot_L  -0.9975  -0.0520   0.0477  -0.6152
            -0.0689   0.8623  -0.5016   0.1002
            -0.0151  -0.5037  -0.8638   0.6431
             0.0000   0.0000   0.0000   1.0000
toe_L   1.0000   0.0000  -0.0000  -0.6736
            -0.0000   0.9939   0.1104   1.0692
             0.0000  -0.1104   0.9939   0.0772
             0.0000   0.0000   0.0000   1.0000
heel_02_L  -0.0000  -1.0000  -0.0000  -0.4124
             0.9939  -0.0000   0.1104  -0.1434
            -0.1104  -0.0000   0.9939   0.2894
             0.0000   0.0000   0.0000   1.0000
thigh_R  -0.9992   0.0382   0.0137   0.6505
            -0.0152  -0.0400  -0.9991  -0.7399
            -0.0376  -0.9985   0.0405   7.3753
             0.0000   0.0000   0.0000   1.0000
shin_R  -0.9989  -0.0478   0.0023   0.8170
             0.0171  -0.4012  -0.9158  -0.9144
             0.0447  -0.9147   0.4015   3.0200
             0.0000   0.0000   0.0000   1.0000
foot_R  -0.9987  -0.0155  -0.0478   0.6909
             0.0053   0.9131  -0.4076  -1.9723
             0.0499  -0.4074  -0.9119   0.6077
             0.0000   0.0000   0.0000   1.0000
toe_R   1.0000  -0.0000  0.0000   0.6735
             0.0000   1.0000  0.0016  -0.9476
            -0.0000  -0.0016  1.0000   0.1506
             0.0000   0.0000  0.0000   1.0000
heel_02_R   0.0000   1.0000  0.0000   0.4123
            -1.0000   0.0000  0.0016  -2.1761
             0.0016  -0.0000  1.0000   0.2297
             0.0000   0.0000  0.0000   1.0000
Bone  -0.9669  -0.2482   0.0585  1.2532
            -0.2503   0.9676  -0.0327  0.3628
            -0.0485  -0.0463  -0.9978  9.3698
             0.0000   0.0000   0.0000  1.0000

spine_002  -1.0000  -0.0000  -0.0000  -0.0000
            -0.0000   0.1361   0.9907  -0.6830
             0.0000   0.9907  -0.1361   7.4925
             0.0000   0.0000   0.0000   1.0000
spine_003  -1.0000  -0.0000  -0.0000  -0.0000
            -0.0000   0.1222   0.9925  -0.3309
             0.0000   0.9925  -0.1222  10.0560
             0.0000   0.0000   0.0000   1.0000
spine_004  -1.0000  -0.0000  -0.0000  -0.0000
            -0.0000   0.3555   0.9347  -0.1691
             0.0000   0.9347  -0.3555  11.3696
             0.0000   0.0000   0.0000   1.0000
spine_006  -1.0000  -0.0000  -0.0000  -0.0000
            -0.0000   0.1505   0.9886   0.2036
             0.0000   0.9886  -0.1505  12.1687
             0.0000   0.0000   0.0000   1.0000
face  -1.0000  -0.0000  -0.0000  -0.0000
            -0.0000   0.1505   0.9886   0.2036
             0.0000   0.9886  -0.1505  12.1687
             0.0000   0.0000   0.0000   1.0000
upper_arm_L   0.9979   0.0635  0.0134  -1.3895
            -0.0636   0.9171  0.3935  -0.3691
             0.0127  -0.3935  0.9192  10.7907
             0.0000   0.0000  0.0000   1.0000
forearm_L   0.5378   0.8413  0.0542  -1.2268
            -0.8348   0.5225  0.1735   1.9802
             0.1177  -0.1385  0.9833   9.7827
             0.0000   0.0000  0.0000   1.0000
hand_L  0.0366   0.8624  -0.5049  0.1357
            0.9194   0.1690   0.3552  2.8264
            0.3916  -0.4772  -0.7867  9.5583
            0.0000   0.0000   0.0000  1.0000
thumb_01_L   0.4582  0.7946   0.3983  0.3423
            -0.2291  0.5385  -0.8108  3.1991
            -0.8588  0.2802   0.4288  9.5040
             0.0000  0.0000   0.0000  1.0000
thumb_02_L  0.1981   0.4834   0.8527  0.5178
            0.9801  -0.1078  -0.1667  3.3180
            0.0113   0.8687  -0.4951  9.5659
            0.0000   0.0000   0.0000  1.0000
palm_03_L   0.2439  0.9221  -0.3004  0.6494
            -0.9262  0.3133   0.2097  2.9434
             0.2874  0.2271   0.9305  9.3144
             0.0000  0.0000   0.0000  1.0000
f_ring_01_L   0.2480  0.7132  -0.6556  0.9799
            -0.9493  0.3137  -0.0178  3.0514
             0.1930  0.6268   0.7549  9.4017
             0.0000  0.0000   0.0000  1.0000
upper_arm_R   0.6182   0.4542  0.6415   1.4343
            -0.7839   0.2963  0.5456  -0.3584
             0.0577  -0.8402  0.5392  10.7942
             0.0000   0.0000  0.0000   1.0000
forearm_R   0.6648  -0.6661  0.3382  2.6299
             0.6763   0.7290  0.1063  0.4215
            -0.3173   0.1581  0.9351  8.5824
             0.0000   0.0000  0.0000  1.0000
hand_R   0.2299  -0.6637  0.7118  1.6784
             0.2851   0.7452  0.6028  1.4628
            -0.9305   0.0643  0.3606  8.8082
             0.0000   0.0000  0.0000  1.0000
thumb_01_R  -0.9804  -0.1145   0.1601  1.3912
            -0.0873   0.9820   0.1675  1.6757
            -0.1764   0.1502  -0.9728  9.1644
             0.0000   0.0000   0.0000  1.0000
thumb_02_R  -0.1475  -0.9072  -0.3940  1.3639
            -0.8910   0.2948  -0.3451  1.9101
             0.4293   0.3002  -0.8518  9.2002
             0.0000   0.0000   0.0000  1.0000
palm_03_R  0.2469  -0.9483  -0.1992  1.2148
            0.2236   0.2558  -0.9405  1.9841
            0.9429   0.1877   0.2752  8.8560
            0.0000   0.0000   0.0000  1.0000
f_ring_01_R   0.1303   0.0174   0.9913  0.8741
            -0.1208  -0.9921   0.0333  2.0765
             0.9841  -0.1241  -0.1272  8.9171
             0.0000   0.0000   0.0000  1.0000
thigh_L  -0.9997  -0.0237   0.0010  -0.6506
            -0.0064   0.2285  -0.9735  -0.7400
             0.0228  -0.9733  -0.2286   7.3740
             0.0000   0.0000   0.0000   1.0000
shin_L  -0.9986   0.0526  -0.0023  -0.7539
            -0.0134  -0.2964  -0.9550   0.2563
            -0.0509  -0.9536   0.2967   3.1306
             0.0000   0.0000   0.0000   1.0000
foot_L  -0.9975  -0.0520   0.0477  -0.6152
            -0.0702   0.7997  -0.5962  -0.5256
            -0.0072  -0.5981  -0.8014   0.6152
             0.0000   0.0000   0.0000   1.0000
toe_L  1.0000   0.0000  -0.0000  -0.6736
            0.0000   0.9750   0.2222   0.3730
            0.0000  -0.2222   0.9750  -0.0568
            0.0000   0.0000   0.0000   1.0000
heel_02_L  -0.0000  -1.0000  -0.0000  -0.4124
             0.9750  -0.0000   0.2222  -0.8078
            -0.2222  -0.0000   0.9750   0.2914
             0.0000   0.0000   0.0000   1.0000
thigh_R  -0.9992   0.0382   0.0137   0.6505
            -0.0135   0.0070  -0.9999  -0.7400
            -0.0383  -0.9992  -0.0065   7.3740
             0.0000   0.0000   0.0000   1.0000
shin_R  -0.9989  -0.0478   0.0023   0.8170
             0.0150  -0.3585  -0.9334  -0.7094
             0.0455  -0.9323   0.3588   3.0153
             0.0000   0.0000   0.0000   1.0000
foot_R  -0.9987  -0.0155  -0.0478   0.6909
             0.0053   0.9135  -0.4069  -1.6547
             0.0499  -0.4066  -0.9122   0.5567
             0.0000   0.0000   0.0000   1.0000
toe_R   1.0000  -0.0000  0.0000   0.6735
             0.0000   1.0000  0.0008  -0.6295
            -0.0000  -0.0008  1.0000   0.1003
             0.0000   0.0000  0.0000   1.0000
heel_02_R   0.0000   1.0000  0.0000   0.4123
            -1.0000   0.0000  0.0008  -1.8581
             0.0008  -0.0000  1.0000   0.1784
             0.0000   0.0000  0.0000   1.0000
Bone  -0.9669  -0.2482   0.0585  1.2532
            -0.2516   0.9660  -0.0595  0.4014
            -0.0417  -0.0723  -0.9965  9.3459
             0.0000   0.0000   0.0000  1.0000

spine_002  -1.0000  -0.0000  -0.0000  -0.0000
            -0.0000   0.1612   0.9869  -0.6828
             0.0000   0.9869  -0.1612   7.4898
             0.0000   0.0000   0.0000   1.0000
spine_003  -1.0000  -0.0000  -0.0000  -0.0000
            -0.0000   0.1474   0.9891  -0.2656
             0.0000   0.9891  -0.1474  10.0435
             0.0000   0.0000   0.0000   1.0000
spine_004  -1.0000  -0.0000  -0.0000  -0.0000
            -0.0000   0.3791   0.9254  -0.0705
             0.0000   0.9254  -0.3791  11.3526
             0.0000   0.0000   0.0000   1.0000
spine_006  -1.0000  -0.0000  -0.0000  -0.0000
            -0.0000   0.1756   0.9845   0.3223
             0.0000   0.9845  -0.1756  12.1420
             0.0000   0.0000   0.0000   1.0000
face  -1.0000  -0.0000  -0.0000  -0.0000
            -0.0000   0.1756   0.9845   0.3223
             0.0000   0.9845  -0.1756  12.1420
             0.0000   0.0000   0.0000   1.0000
upper_arm_L   0.9979   0.0635  0.0134  -1.3895
            -0.0632   0.9038  0.4233  -0.2848
             0.0148  -0.4233  0.9059  10.7791
             0.0000   0.0000  0.0000   1.0000
forearm_L   0.5378   0.8413  0.0542  -1.2268
            -0.8305   0.5177  0.2056   2.0303
             0.1449  -0.1555  0.9771   9.6948
             0.0000   0.0000  0.0000   1.0000
hand_L  0.0366   0.8624  -0.5049  0.1357
            0.9317   0.1533   0.3293  2.8687
            0.3614  -0.4824  -0.7979  9.4429
            0.0000   0.0000   0.0000  1.0000
thumb_01_L   0.4582  0.7946   0.3983  0.3423
            -0.2571  0.5474  -0.7964  3.2394
            -0.8509  0.2625   0.4551  9.3764
             0.0000  0.0000   0.0000  1.0000
thumb_02_L   0.1981   0.4834   0.8527  0.5178
             0.9800  -0.0793  -0.1828  3.3602
            -0.0207   0.8718  -0.4894  9.4344
             0.0000   0.0000   0.0000  1.0000
palm_03_L   0.2439  0.9221  -0.3004  0.6494
            -0.9163  0.3206   0.2400  2.9777
             0.3176  0.2167   0.9231  9.1953
             0.0000  0.0000   0.0000  1.0000
f_ring_01_L   0.2480  0.7132  -0.6556  0.9799
            -0.9425  0.3341   0.0069  3.0884
             0.2240  0.6162   0.7551  9.2790
             0.0000  0.0000   0.0000  1.0000
upper_arm_R   0.6182   0.4542  0.6415   1.4343
            -0.7816   0.2686  0.5630  -0.2741
             0.0833  -0.8494  0.5210  10.7823
             0.0000   0.0000  0.0000   1.0000
forearm_R   0.6648  -0.6661  0.3382  2.6299
             0.6655   0.7337  0.1368  0.4331
            -0.3393   0.1342  0.9311  8.5462
             0.0000   0.0000  0.0000  1.0000
hand_R   0.2299  -0.6637  0.7118  1.6784
             0.2545   0.7470  0.6142  1.4812
            -0.9393   0.0399  0.3407  8.7379
             0.0000   0.0000  0.0000  1.0000
thumb_01_R  -0.9804  -0.1145   0.1601  1.3912
            -0.0930   0.9864   0.1356  1.7057
            -0.1734   0.1180  -0.9777  9.0869
             0.0000   0.0000   0.0000  1.0000
thumb_02_R  -0.1475  -0.9072  -0.3940  1.3639
            -0.8765   0.3045  -0.3728  1.9411
             0.4582   0.2904  -0.8401  9.1151
             0.0000   0.0000   0.0000  1.0000
palm_03_R  0.2469  -0.9483  -0.1992  1.2148
            0.2543   0.2618  -0.9310  2.0039
            0.9351   0.1792   0.3058  8.7685
            0.0000   0.0000   0.0000  1.0000
f_ring_01_R   0.1303   0.0174   0.9913  0.8741
            -0.0886  -0.9956   0.0291  2.0982
             0.9875  -0.0916  -0.1282  8.8266
             0.0000   0.0000   0.0000  1.0000
thigh_L  -0.9997  -0.0237   0.0010  -0.6506
            -0.0040   0.1289  -0.9917  -0.7401
             0.0234  -0.9914  -0.1289   7.3714
             0.0000   0.0000   0.0000   1.0000
shin_L  -0.9986   0.0526  -0.0023  -0.7539
            -0.0203  -0.4257  -0.9046  -0.1783
            -0.0486  -0.9033   0.4262   3.0490
             0.0000   0.0000   0.0000   1.0000
foot_L  -0.9975  -0.0520   0.0477  -0.6152
            -0.0705   0.7055  -0.7052  -1.3011
             0.0030  -0.7068  -0.7074   0.6662
             0.0000   0.0000   0.0000   1.0000
toe_L  1.0000   0.0000  -0.0000  -0.6736
            0.0000   0.9330   0.3600  -0.5083
            0.0000  -0.3600   0.9330  -0.1280
            0.0000   0.0000   0.0000   1.0000
heel_02_L  -0.0000  -1.0000  -0.0000  -0.4124
             0.9330  -0.0000   0.3600  -1.6268
            -0.3600  -0.0000   0.9330   0.3863
             0.0000   0.0000   0.0000   1.0000
thigh_R  -0.9992   0.0382   0.0137   0.6505
            -0.0111   0.0682  -0.9976  -0.7401
            -0.0390  -0.9969  -0.0677   7.3714
             0.0000   0.0000   0.0000   1.0000
shin_R  -0.9989  -0.0478   0.0023   0.8170
             0.0122  -0.3022  -0.9532  -0.4427
             0.0463  -0.9520   0.3025   3.0228
             0.0000   0.0000   0.0000   1.0000
foot_R  -0.9987  -0.0155  -0.0478   0.6909
             0.0050   0.9152  -0.4030  -1.2397
             0.0500  -0.4027  -0.9140   0.5121
             0.0000   0.0000   0.0000   1.0000
toe_R   1.0000  -0.0000   0.0000   0.6735
             0.0000   1.0000  -0.0035  -0.2126
            -0.0000   0.0035   1.0000   0.0602
             0.0000   0.0000   0.0000   1.0000
heel_02_R   0.0000   1.0000   0.0000   0.4123
            -1.0000   0.0000  -0.0035  -1.4414
            -0.0035  -0.0000   1.0000   0.1330
             0.0000   0.0000   0.0000   1.0000
Bone  -0.9669  -0.2482   0.0585  1.2532
            -0.2528   0.9631  -0.0921  0.4477
            -0.0335  -0.1038  -0.9940  9.3148
             0.0000   0.0000   0.0000  1.0000

spine_002  -1.0000  -0.0000  -0.0000  -0.0000
            -0.0000   0.1884   0.9821  -0.6825
             0.0000   0.9821  -0.1884   7.4854
             0.0000   0.0000   0.0000   1.0000
spine_003  -1.0000  -0.0000  -0.0000  -0.0000
            -0.0000   0.1747   0.9846  -0.1949
             0.0000   0.9846  -0.1747  10.0266
             0.0000   0.0000   0.0000   1.0000
spine_004  -1.0000  -0.0000  -0.0000  -0.0000
            -0.0000   0.4045   0.9145   0.0364
             0.0000   0.9145  -0.4045  11.3298
             0.0000   0.0000   0.0000   1.0000
spine_006  -1.0000  -0.0000  -0.0000  -0.0000
            -0.0000   0.2028   0.9792   0.4509
             0.0000   0.9792  -0.2028  12.1080
             0.0000   0.0000   0.0000   1.0000
face  -1.0000  -0.0000  -0.0000  -0.0000
            -0.0000   0.2028   0.9792   0.4509
             0.0000   0.9792  -0.2028  12.1080
             0.0000   0.0000   0.0000   1.0000
upper_arm_L   0.9979   0.0635  0.0134  -1.3895
            -0.0626   0.8881  0.4553  -0.1933
             0.0170  -0.4552  0.8902  10.7625
             0.0000   0.0000  0.0000   1.0000
forearm_L   0.5378   0.8413  0.0542  -1.2268
            -0.8248   0.5118  0.2402   2.0817
             0.1744  -0.1739  0.9692   9.5966
             0.0000   0.0000  0.0000   1.0000
hand_L  0.0366   0.8624  -0.5049  0.1357
            0.9440   0.1360   0.3007  2.9106
            0.3280  -0.4876  -0.8091  9.3150
            0.0000   0.0000   0.0000  1.0000
thumb_01_L   0.4582  0.7946   0.3983  0.3423
            -0.2872  0.5564  -0.7797  3.2787
            -0.8412  0.2428   0.4832  9.2354
             0.0000  0.0000   0.0000  1.0000
thumb_02_L   0.1981   0.4834   0.8527  0.5178
             0.9786  -0.0482  -0.2001  3.4015
            -0.0556   0.8741  -0.4826  9.2890
             0.0000   0.0000   0.0000  1.0000
palm_03_L   0.2439  0.9221  -0.3004  0.6494
            -0.9044  0.3281   0.2727  3.0107
             0.3500  0.2051   0.9140  9.0636
             0.0000  0.0000   0.0000  1.0000
f_ring_01_L   0.2480  0.7132  -0.6556  0.9799
            -0.9340  0.3558   0.0338  3.1243
             0.2574  0.6039   0.7544  9.1433
             0.0000  0.0000   0.0000  1.0000
upper_arm_R   0.6182   0.4542  0.6415   1.4343
            -0.7781   0.2382  0.5812  -0.1825
             0.1111  -0.8585  0.5007  10.7655
             0.0000   0.0000  0.0000   1.0000
forearm_R   0.6648  -0.6661  0.3382  2.6299
             0.6530   0.7380  0.1698  0.4446
            -0.3627   0.1080  0.9256  8.5056
             0.0000   0.0000  0.0000  1.0000
hand_R   0.2299  -0.6637  0.7118  1.6784
             0.2209   0.7479  0.6260  1.4989
            -0.9478   0.0133  0.3186  8.6599
             0.0000   0.0000  0.0000  1.0000
thumb_01_R  -0.9804  -0.1145   0.1601  1.3912
            -0.0991   0.9900   0.1007  1.7356
            -0.1700   0.0828  -0.9820  9.0006
             0.0000   0.0000   0.0000  1.0000
thumb_02_R  -0.1475  -0.9072  -0.3940  1.3639
            -0.8597   0.3146  -0.4025  1.9719
             0.4891   0.2794  -0.8263  9.0204
             0.0000   0.0000   0.0000  1.0000
palm_03_R  0.2469  -0.9483  -0.1992  1.2148
            0.2874   0.2680  -0.9196  2.0223
            0.9254   0.1698   0.3387  8.6719
            0.0000   0.0000   0.0000  1.0000
f_ring_01_R   0.1303   0.0174   0.9913  0.8741
            -0.0534  -0.9983   0.0245  2.1187
             0.9900  -0.0561  -0.1292  8.7266
             0.0000   0.0000   0.0000  1.0000
thigh_L  -0.9997  -0.0237   0.0010  -0.6506
            -0.0014   0.0183  -0.9998  -0.7402
             0.0237  -0.9996  -0.0183   7.3671
             0.0000   0.0000   0.0000   1.0000
shin_L  -0.9986   0.0526  -0.0023  -0.7539
            -0.0278  -0.5641  -0.8252  -0.6604
            -0.0447  -0.8240   0.5648   3.0091
             0.0000   0.0000   0.0000   1.0000
foot_L  -0.9975  -0.0520   0.0477  -0.6152
            -0.0690   0.5794  -0.8122  -2.1484
             0.0146  -0.8134  -0.5815   0.8355
             0.0000   0.0000   0.0000   1.0000
toe_L  1.0000   0.0000  -0.0000  -0.6736
            0.0000   0.8609   0.5089  -1.4974
            0.0000  -0.5089   0.8609  -0.0785
            0.0000   0.0000   0.0000   1.0000
heel_02_L  -0.0000  -1.0000  -0.0000  -0.4124
             0.8609  -0.0000   0.5089  -2.5158
            -0.5089  -0.0000   0.8609   0.6132
             0.0000   0.0000   0.0000   1.0000
thigh_R  -0.9992   0.0382   0.0137   0.6505
            -0.0082   0.1405  -0.9900  -0.7402
            -0.0397  -0.9893  -0.1401   7.3671
             0.0000   0.0000   0.0000   1.0000
shin_R  -0.9989  -0.0478   0.0023   0.8170
             0.0090  -0.2347  -0.9720  -0.1274
             0.0470  -0.9709   0.2349   3.0516
             0.0000   0.0000   0.0000   1.0000
foot_R  -0.9987  -0.0155  -0.0478   0.6909
             0.0046   0.9191  -0.3940  -0.7464
             0.0500  -0.3937  -0.9179   0.4913
             0.0000   0.0000   0.0000   1.0000
toe_R   1.0000  -0.0000   0.0000  0.6735
             0.0000   0.9999  -0.0134  0.2851
            -0.0000   0.0134   0.9999  0.0495
             0.0000   0.0000   0.0000  1.0000
heel_02_R   0.0000   1.0000   0.0000   0.4123
            -0.9999   0.0000  -0.0134  -0.9445
            -0.0134  -0.0000   0.9999   0.1102
             0.0000   0.0000   0.0000   1.0000
Bone  -0.9669  -0.2482   0.0585  1.2532
            -0.2538   0.9588  -0.1274  0.4973
            -0.0245  -0.1380  -0.9901  9.2782
             0.0000   0.0000   0.0000  1.0000

spine_002  -1.0000  -0.0000  -0.0000  -0.0000
            -0.0000   0.2155   0.9765  -0.6822
             0.0000   0.9765  -0.2155   7.4788
             0.0000   0.0000   0.0000   1.0000
spine_003  -1.0000  -0.0000  -0.0000  -0.0000
            -0.0000   0.2019   0.9794  -0.1245
             0.0000   0.9794  -0.2019  10.0056
             0.0000   0.0000   0.0000   1.0000
spine_004  -1.0000  -0.0000  -0.0000  -0.0000
            -0.0000   0.4297   0.9030   0.1427
             0.0000   0.9030  -0.4297  11.3019
             0.0000   0.0000   0.0000   1.0000
spine_006  -1.0000  -0.0000  -0.0000  -0.0000
            -0.0000   0.2298   0.9732   0.5786
             0.0000   0.9732  -0.2298  12.0683
             0.0000   0.0000   0.0000   1.0000
face  -1.0000  -0.0000  -0.0000  -0.0000
            -0.0000   0.2298   0.9732   0.5786
             0.0000   0.9732  -0.2298  12.0683
             0.0000   0.0000   0.0000   1.0000
upper_arm_L   0.9979   0.0635  0.0134  -1.3895
            -0.0620   0.8714  0.4867  -0.1022
             0.0193  -0.4865  0.8735  10.7413
             0.0000   0.0000  0.0000   1.0000
forearm_L   0.5378   0.8413  0.0542  -1.2268
            -0.8181   0.5053  0.2746   2.1299
             0.2036  -0.1920  0.9600   9.4951
             0.0000   0.0000  0.0000   1.0000
hand_L  0.0366   0.8624  -0.5049  0.1357
            0.9550   0.1186   0.2717  2.9482
            0.2942  -0.4921  -0.8193  9.1842
            0.0000   0.0000   0.0000  1.0000
thumb_01_L   0.4582  0.7946   0.3983  0.3423
            -0.3170  0.5647  -0.7620  3.3133
            -0.8304  0.2229   0.5106  9.0915
             0.0000  0.0000   0.0000  1.0000
thumb_02_L   0.1981   0.4834   0.8527  0.5178
             0.9760  -0.0171  -0.2171  3.4380
            -0.0904   0.8752  -0.4752  9.1407
             0.0000   0.0000   0.0000  1.0000
palm_03_L   0.2439  0.9221  -0.3004  0.6494
            -0.8914  0.3352   0.3050  3.0393
             0.3819  0.1933   0.9037  8.9294
             0.0000  0.0000   0.0000  1.0000
f_ring_01_L   0.2480  0.7132  -0.6556  0.9799
            -0.9242  0.3771   0.0606  3.1557
             0.2904  0.5909   0.7527  9.0050
             0.0000  0.0000   0.0000  1.0000
upper_arm_R   0.6182   0.4542  0.6415   1.4343
            -0.7737   0.2075  0.5986  -0.0913
             0.1387  -0.8664  0.4797  10.7439
             0.0000   0.0000  0.0000   1.0000
forearm_R   0.6648  -0.6661  0.3382  2.6299
             0.6397   0.7414  0.2027  0.4550
            -0.3857   0.0816  0.9190  8.4632
             0.0000   0.0000  0.0000  1.0000
hand_R   0.2299  -0.6637  0.7118  1.6784
             0.1871   0.7479  0.6369  1.5141
            -0.9551  -0.0133  0.2961  8.5798
             0.0000   0.0000  0.0000  1.0000
thumb_01_R  -0.9804  -0.1145   0.1601  1.3912
            -0.1051   0.9923   0.0657  1.7628
            -0.1664   0.0476  -0.9849  8.9119
             0.0000   0.0000   0.0000  1.0000
thumb_02_R  -0.1475  -0.9072  -0.3940  1.3639
            -0.8417   0.3244  -0.4316  1.9997
             0.5194   0.2680  -0.8114  8.9233
             0.0000   0.0000   0.0000  1.0000
palm_03_R  0.2469  -0.9483  -0.1992  1.2148
            0.3201   0.2739  -0.9069  2.0376
            0.9146   0.1601   0.3712  8.5732
            0.0000   0.0000   0.0000  1.0000
f_ring_01_R   0.1303   0.0174   0.9913  0.8741
            -0.0181  -0.9996   0.0199  2.1359
             0.9913  -0.0205  -0.1300  8.6244
             0.0000   0.0000   0.0000  1.0000
thigh_L  -0.9997  -0.0237   0.0010  -0.6506
             0.0012  -0.0925  -0.9957  -0.7403
             0.0237  -0.9954   0.0925   7.3607
             0.0000   0.0000   0.0000   1.0000
shin_L  -0.9986   0.0526  -0.0023  -0.7539
            -0.0350  -0.6967  -0.7165  -1.1435
            -0.0393  -0.7154   0.6976   3.0206
             0.0000   0.0000   0.0000   1.0000
foot_L  -0.9975  -0.0520   0.0477  -0.6152
            -0.0654   0.4266  -0.9021  -2.9813
             0.0265  -0.9029  -0.4290   1.1336
             0.0000   0.0000   0.0000   1.0000
toe_L  1.0000   0.0000  -0.0000  -0.6736
            0.0000   0.7575   0.6529  -2.5020
            0.0000  -0.6529   0.7575   0.1190
            0.0000   0.0000   0.0000   1.0000
heel_02_L  -0.0000  -1.0000  -0.0000  -0.4124
             0.7575  -0.0000   0.6529  -3.3822
            -0.6529  -0.0000   0.7575   0.9796
             0.0000   0.0000   0.0000   1.0000
thigh_R  -0.9992   0.0382   0.0137   0.6505
            -0.0050   0.2206  -0.9753  -0.7404
            -0.0403  -0.9746  -0.2203   7.3607
             0.0000   0.0000   0.0000   1.0000
shin_R  -0.9989  -0.0478   0.0023  0.8170
             0.0053  -0.1587  -0.9873  0.2220
             0.0476  -0.9862   0.1588  3.1095
             0.0000   0.0000   0.0000  1.0000
foot_R  -0.9987  -0.0155  -0.0478   0.6909
             0.0037   0.9258  -0.3780  -0.1965
             0.0501  -0.3777  -0.9246   0.5089
             0.0000   0.0000   0.0000   1.0000
toe_R   1.0000  -0.0000   0.0000  0.6735
             0.0000   0.9995  -0.0307  0.8425
            -0.0000   0.0307   0.9995  0.0850
             0.0000   0.0000   0.0000  1.0000
heel_02_R   0.0000   1.0000   0.0000   0.4123
            -0.9995   0.0000  -0.0307  -0.3879
            -0.0307  -0.0000   0.9995   0.1244
             0.0000   0.0000   0.0000   1.0000
Bone  -0.9669  -0.2482   0.0585  1.2532
            -0.2545   0.9533  -0.1626  0.5459
            -0.0154  -0.1721  -0.9850  9.2381
             0.0000   0.0000   0.0000  1.0000

spine_002  -1.0000  -0.0000  -0.0000  -0.0000
            -0.0000   0.2403   0.9707  -0.6819
             0.0000   0.9707  -0.2403   7.4696
             0.0000   0.0000   0.0000   1.0000
spine_003  -1.0000  -0.0000  -0.0000  -0.0000
            -0.0000   0.2267   0.9740  -0.0602
             0.0000   0.9740  -0.2267   9.9814
             0.0000   0.0000   0.0000   1.0000
spine_004  -1.0000  -0.0000  -0.0000  -0.0000
            -0.0000   0.4525   0.8918   0.2399
             0.0000   0.8918  -0.4525  11.2705
             0.0000   0.0000   0.0000   1.0000
spine_006  -1.0000  -0.0000  -0.0000  -0.0000
            -0.0000   0.2544   0.9671   0.6951
             0.0000   0.9671  -0.2544  12.0256
             0.0000   0.0000   0.0000   1.0000
face  -1.0000  -0.0000  -0.0000  -0.0000
            -0.0000   0.2544   0.9671   0.6951
             0.0000   0.9671  -0.2544  12.0256
             0.0000   0.0000   0.0000   1.0000
upper_arm_L   0.9979   0.0635  0.0134  -1.3895
            -0.0613   0.8550  0.5150  -0.0188
             0.0213  -0.5147  0.8571  10.7164
             0.0000   0.0000  0.0000   1.0000
forearm_L   0.5378   0.8413  0.0542  -1.2268
            -0.8110   0.4987  0.3058   2.1713
             0.2303  -0.2084  0.9506   9.3979
             0.0000   0.0000  0.0000   1.0000
hand_L  0.0366   0.8624  -0.5049  0.1357
            0.9642   0.1024   0.2448  2.9790
            0.2628  -0.4957  -0.8278  9.0604
            0.0000   0.0000   0.0000  1.0000
thumb_01_L   0.4582  0.7946   0.3983  0.3423
            -0.3440  0.5717  -0.7449  3.3409
